10001334
10003251
10005178
10007054
10009002
10010706
10012663
1001392
10014622
10016568
10018485
10020443
10022432
10024341
10026253
10028163
10030068
10031979
10033890
1003445
10035801
10037711
10039621
10041524
10043434
10045411
10047121
10049119
10051078
10053041
1005379
10055006
10056539
10058240
10060294
10061998
10063750
10065440
10067143
10068846
10070548
10072249
1007345
10073946
10075699
10077452
10079205
10080951
10082631
10084331
10086041
10087987
10089896
10091599
1009315
10093638
10095652
10097516
10099427
10101421
10103391
10105459
10107465
1010812
10109302
10111193
10113058
10114951
10116869
101175
10118758
10120655
10122559
10124440
10126318
1012712
10128236
10130190
10132141
10134105
10136062
10138015
10139968
10141915
10143929
10145427
1014610
10147415
10149380
10151270
10152482
10154463
10156434
10158179
10159923
10161667
10163412
10165156
1016533
10166901
10168647
10170391
10172136
10173879
10175624
10177363
10179108
10180853
10182598
10184342
1018459
10186086
10187832
10189576
10191320
10193064
10194809
10196554
1019749
10198299
10200040
10201784
10203528
10205272
10207016
10208759
10210503
10212247
10213993
10215738
10217483
10219229
10220975
10222934
10224911
10226852
10228779
1022926
10230701
10232620
10234545
10236475
10238401
10240319
10242256
10244187
10246116
10248039
10249977
10251915
10253847
10255761
10257693
10259635
10261565
1026219
10263495
10265423
10267336
10269271
10271200
10273126
10275067
10277006
10278935
10280869
10282803
10284737
10286660
1028685
10288583
10290509
10292448
10294382
10296309
10298238
10300182
10302127
10304064
10306007
10307943
10309872
10311806
10313875
10315830
103171
10317818
10319782
10321705
10323576
10325733
1032674
10327658
10329678
10331437
10333440
10335443
10336973
10338540
10340476
10342455
10344407
10346382
10348361
10350317
1035218
10352251
10354260
10356288
10358212
10360130
10362030
10363933
10365830
10367723
10369618
10371516
1037253
10373408
10375292
10377187
10379081
10380995
10382965
10384883
10386792
10388727
10390728
10392731
1039289
10394663
10396671
10398660
10400550
10402488
10404428
10406367
10408313
10410280
10412282
1041325
10414141
10416087
10417988
10419947
10421848
10423892
10425765
10427748
10429724
10431650
10433580
1043360
10435440
10437338
10439236
10441136
10443034
10445003
10446938
10448955
10450838
10452771
1045288
10454691
10456562
10458601
10460618
10462175
10464088
10465991
10467990
10469907
10471848
1047296
10473793
10475704
10477660
10479618
10481095
10482581
10484105
10486112
10488043
104892
10490065
10490436
1049139
10492399
10494543
10496499
10498432
10500327
10502318
10504257
10506241
1050770
10508187
10510169
1051198
10512134
10514097
10516441
10518131
10520130
10522114
10524100
10526128
10528043
10529932
10531938
1053252
10533860
10535608
10537543
10539640
10541604
1054162
10543571
10545477
10547409
10549368
10550897
10552823
10554802
10556839
1055868
10558806
10560745
10562705
10564655
10566603
10568559
10571011
10572977
10574886
10576451
1057822
10578429
10580270
10582189
10584098
10586059
10587622
10589531
10591436
10593421
10595405
10597389
1059773
10599294
10601262
10603230
10605192
10607154
10609108
10611063
10612958
10614921
1061670
10616872
10618819
10620928
10622832
10624343
10626182
10628215
10630341
10632242
1063420
10634767
10636671
10638577
10640483
10642388
10644492
10646549
10648585
10650486
1065188
10652499
10654211
10656122
10658073
10659980
10661854
10663836
10665821
10667250
10669219
1066957
10670714
10672698
10674681
10676665
10678649
10680632
10682616
10684598
106848
10686581
10688563
1068883
10690603
10692354
10693846
10695788
10697680
10699659
10701562
10703545
10705527
10707530
1070809
10709039
10711040
10713040
10715028
10716930
10718947
10720798
10722296
10724278
10726259
1072734
10728241
10730223
10732207
10734192
10736170
10738075
10740086
10741579
10743069
10744894
10746786
1074741
10748647
10749031
10750772
10752788
10754791
10756664
10758667
10760672
10762633
10764497
10766447
10767807
1076936
10769994
10771526
10773509
10775414
10777329
10779245
10781160
10783062
10784433
10785992
10787979
10789846
1078996
10790932
10792840
10794762
10796762
10797993
10799884
10801099
1080198
10802523
10804586
10806480
10808368
10810256
10812188
10814197
10816219
10818267
10820302
1082122
10822191
10824179
10826363
10828341
10830351
10832369
10834362
10836330
10838287
10840206
10842189
1084301
10844211
10846197
10848109
10849424
10851372
10853276
10855316
10857223
10859129
10861316
1086226
10863385
10865373
10867302
10869295
10871481
10873668
10875615
10877615
1087785
10879522
108805
10881420
10883321
10884858
10886860
10888844
10890741
10892555
10894615
10896611
1089868
10898796
10901004
10902990
10904884
10906798
10909066
10911116
10913108
10915104
10917099
10919099
1091914
10921049
10923051
10925364
10927265
10927735
10929804
10931769
10934219
10935902
10937860
1093838
10938757
10940757
10942707
10944710
10946734
10948693
10950756
10953145
10954626
1095604
10956309
10957186
10958882
10960380
10961901
10964412
10966395
10966834
10968720
10971520
1097298
10973586
1097441
10974452
1097632
10977178
10979187
10981196
10982
10983137
10984606
10986218
10987927
10989634
10991395
10993400
10995156
1099572
10997168
10999109
11001014
11002939
11003857
11005821
11007704
11009637
11011517
11013450
1101479
11015386
11017326
11019256
11021192
11023115
11025056
11026974
11028884
11030813
11032496
11033962
1103475
11035662
11037636
11039545
11041403
11043392
11045436
11047876
11049397
11050483
11052510
11053578
1105409
11055271
11057226
11058795
11060719
11062795
11064868
11066871
11068223
11070285
11072329
1107343
11074349
11076380
110769
11078029
11079928
11081426
11083163
11085157
11087153
11088844
11091302
1109277
11092870
11093310
11094753
11096226
11097664
11099034
11100568
11101840
11102844
11104277
11106327
11107236
11108877
11110878
1111203
11112382
11113503
11114684
11116644
11118387
11119938
11121640
11123439
11125183
11126944
11128863
11130614
1113140
11132526
11134542
11136502
11137475
11139496
11141388
11143331
11145063
11146577
11148106
11149939
1115105
11151696
11153678
11155584
11156655
11158539
11160330
11166846
11168722
11170671
1117105
11172308
11174257
11175868
11177361
11178702
11180705
11182679
11184347
1118476
11186358
11188176
11188612
11190386
11192378
11193119
11194582
11196780
11198700
11200618
11202125
11203597
1120393
11205061
11206528
11207985
11209447
11211395
11213400
11215416
11216905
11218855
11220414
11222456
1122324
11224406
11226357
11228242
11230192
11232077
11234363
11236110
11237857
11239605
11241354
1124234
11243099
11244844
11246841
11248959
11251069
11253104
11254851
11256803
11258804
11260754
1126154
11262286
11264206
112651
11265358
11267066
11268814
11270519
11272415
11274312
11276154
11278052
11279283
11280847
1128120
11282530
11284494
11287859
11289771
11291600
11293564
11295427
1129673
11297110
11299017
11301566
11303332
11305015
11307016
11308782
11311082
11313037
11314968
1131591
11316911
11318229
11320113
11322037
11323988
11325852
11327763
11329714
11331662
11332158
11334559
1133508
11336564
11338508
11340412
11342373
11344311
11346317
11348322
11350327
1135227
11352334
11354338
11356339
11357963
11359587
11360434
11362636
11364075
11366040
11366976
11368865
1137067
11370883
11372809
11374723
11376755
11378263
11379911
11381641
11383638
11385671
11387560
1138905
11389157
11390895
11392562
11394587
11396537
11398511
11400490
11402465
11403658
11405625
1140743
11407694
11409587
11412371
11414374
11416291
11418181
11420434
11422126
11423792
11425485
11427176
1142726
11429109
11432484
11433991
11435949
11437847
11439528
11440813
11442760
1144433
11444707
11446946
11448650
11450618
11453064
11454841
11456898
11458974
1146067
11460920
114611
11462875
11464822
11466515
11467954
11469452
11470973
11472617
11474520
11476483
1147751
11478394
11480354
11482227
11484170
11485829
11487767
11490159
11492115
11494082
1149440
11495988
11497902
11499810
11501722
11503631
11505542
11507439
11508909
11510347
1151122
11511818
11513782
11515256
1152797
1154494
1156184
1157884
1159892
1161873
1163853
1165877
116618
1167883
1169910
1171883
1173892
1175805
1177818
1179740
1181757
1183769
118508
1185677
1187599
1189517
1191486
1193478
1195391
1197406
1199093
1199435
1201500
1203568
120398
1205982
1207915
1209853
1211788
1213703
1215744
1218027
1220028
1222030
122288
1224032
1226027
1228029
1230032
1232034
1234790
1236876
1238161
1240524
124177
1242940
1245351
1247424
124749
1250019
1251928
1253842
1255721
1257597
1259472
1261221
1262951
1264918
1265827
126639
1266723
1268681
1270374
1272345
1274305
1276718
1277563
1278006
1279722
1281629
1283574
128528
1285528
1287767
1289640
1291518
1293396
12945
1295274
1297152
1299032
1300912
1302791
130418
1304664
1306410
1307956
1309907
1311871
1313704
1315171
1317117
1319061
1321456
132308
1323642
1325892
1328321
1330283
1332025
1333782
1335535
1337295
1339199
1341144
134206
1342842
1344515
1346209
1347904
1349637
1351330
1352993
1354545
1356867
1358886
1360735
136201
1362626
1364647
1366609
1368518
1370508
1372472
1374439
1376412
1378378
1380334
138195
1382333
1384331
1386297
1388280
1389860
1391848
1393813
1395788
1397761
1399751
1401732
140192
1403702
1405691
1407673
1409715
1411658
1413585
1415516
1417440
1419425
1421411
142195
1423389
1425376
1427374
1429012
1430995
1432970
1434938
1436900
1438861
1440941
144200
1442877
1444839
1446847
1448931
1451017
1452974
1454950
1456912
1458594
1460596
146189
1462548
1464508
1467031
1468993
1470957
1472015
1473979
1475869
1477834
1479795
148134
1481770
1483733
1485765
1487768
1489791
14904
1491543
1493473
1495389
1496384
1498369
1500259
150046
1502213
1503903
1505923
1507683
1509443
1511326
1512412
151345
1514273
1516177
1518142
1520347
1522306
1524240
1526176
1528112
1530049
1531980
153358
1533915
1535959
1537718
1540236
1542184
1544188
1546110
1548096
1550035
1551974
155343
1554008
1556037
1558014
1560042
1562071
1564106
1566131
1568159
1570185
1572211
157266
1574238
1576265
1578292
1580319
158046
1582349
1584377
1586407
1588438
158867
1590468
1592504
1594542
1596577
1598608
1600639
1602633
1604687
1606723
160806
1608758
1610790
1612819
1614852
1616882
1618912
1620941
1622975
1625010
1627039
162762
1629070
1631105
1633138
1635173
1635
1637206
163821
1639180
1641231
1643118
1644880
1646645
1648395
1650114
1651867
1653629
1655371
1657119
1658884
1660634
166069
1662376
1664117
1665871
1667902
1669864
1671611
1673342
1675100
1676801
1678557
1680317
168082
1682071
1683812
1685574
1687336
1689058
1690788
1692541
1694291
1696032
16965
1698057
1700015
170093
1702004
1703187
1705176
1707140
1708471
1710469
1711510
1713461
1714841
1716303
1717765
171852
1719238
1721148
1723031
1724924
1726843
1728734
1730707
1732681
1734590
1736499
1738447
173862
1740197
1742095
1743862
1745777
1747748
1749719
1751467
1753426
1755345
175535
1757647
1759817
1762245
1764627
1766880
176855
1769293
1771508
1773790
1774034
1775939
1777941
1780247
1782511
1784812
1787215
178745
1789406
1791688
1794249
1796396
1799640
1802013
1804157
180491
1806116
1808088
1809999
1811911
1813823
1815962
1818104
1820640
1822787
1824916
182492
1827027
1829172
1831338
1833505
1835639
1838135
1840304
184090
1843338
1845094
1847119
1848145
1850357
1852236
1854149
1855803
185689
1857818
1859835
1861284
1862925
1864906
1866883
1868889
1871004
187288
1873017
1875011
1876993
1878886
1880781
1882733
1884626
1886516
1888464
188885
1890496
1892403
18924
1894352
1896316
1898266
1900214
1901987
190230
1903855
1905742
1907667
1909577
1911476
1913409
1915342
191658
1917264
1918290
1919329
1920437
1921582
1923533
1925520
1927413
1929113
193079
1931045
1933327
1935650
19360
1937956
1940223
1942534
1944822
1947115
1949408
195097
1951703
1953995
1956366
1958665
1960953
1962869
1964784
1966781
1968777
1970780
197176
1972745
1974638
1976531
1978523
1980427
1982330
1984294
1986298
1988298
1990181
199171
1992125
1994017
1994387
1994756
1996749
1998706
1
2000658
2002608
2004559
2006507
2008465
2010419
201144
2012386
2014326
2016282
2018220
2020154
2022094
2024012
202564
2025973
2027933
2029833
2031796
2033803
2035499
2037183
2039144
203989
2041109
2043312
2045520
2047257
2049224
2051117
2053010
2054974
2056531
2058277
205865
2060117
2062019
2064113
2066085
2067835
2069138
2070695
2072695
2074496
2076049
2077602
207823
2079586
2081330
2083078
2085280
2087482
2089392
2091214
2092887
2094480
2094852
2096559
209791
2099078
2101030
2103301
2105949
2107420
2109079
2110507
2112857
2114473
2116590
2117964
211855
2119321
2120658
2121974
2124055
2126079
2128155
2130229
21317
2132475
2134952
2137537
214024
2140575
2141992
2143856
2146433
2148163
2149789
2151438
2154038
2155380
2157093
2158769
215922
2161326
2163333
2165327
2167343
2169346
2171346
2173347
2174974
2176944
217772
2178901
2180863
2182828
2184773
2186741
2188711
2190680
2192646
2194620
219625
2196579
2198547
2200508
2202455
2204414
2206391
2208365
2210339
2212292
2214242
221522
2216194
2218197
2220315
2222283
2224227
2226190
2228121
2230068
2232019
223216
2233962
2235949
2238826
2241594
2244305
2246370
224769
2248417
2250468
2252527
2254559
2256671
2258743
2260835
226206
2262884
2264921
2267011
2269062
2271107
2272789
2273783
2275786
227662
2277788
2279791
2281786
2283816
2285818
2287814
2289823
229111
2291762
2293694
2295659
2297622
2299546
2301463
2303379
2305355
2307328
2309291
2311257
231149
2313227
2315198
2317159
2319134
2321095
2323074
2325049
2327012
23273
2328976
2330938
233185
2332865
2334729
2336946
2338859
2340329
2342326
2344009
2345604
2347059
2348850
2350307
2352147
235222
2353806
2355810
2357815
2359811
2361727
2364041
2366350
2366781
2368310
2369822
237254
2373441
2375389
2377398
2379172
2380948
2382877
2384820
2386800
2388548
2390274
2392286
239283
2394284
2396282
2398280
2400190
2402153
2404070
2406078
2408052
240994
2410035
2412044
2413903
2415813
2417534
2419540
2421486
2423393
2425300
242689
2426901
2428387
2430396
2432297
2434191
2436117
2438040
2440043
2442034
2443931
244476
2445853
2447778
2449704
2451630
2453554
2455454
2457354
2459254
2461154
2463054
246365
2464954
2466855
2468766
2470728
2472675
2474596
2476521
2478434
2480366
248095
2482291
2484216
2486148
2488083
2490018
2491947
2493850
2495746
2497661
249872
2499584
2501522
2503421
2505412
2507295
2509198
2511258
2513103
2515013
251566
2516729
2519637
2522459
25229
2524384
2526400
2528403
2530304
2533145
253474
2534831
2536912
2538872
2540798
2542726
2544399
2546090
2547787
2549485
2551162
2553095
255378
2555055
2562682
2564285
2565972
2567939
2569909
2571904
2573670
2575519
2577425
257752
2579311
2582306
2585300
2587257
2588943
2590630
2592321
2594012
2595715
259700
2598550
2600571
2602284
2604286
2606307
2608348
2610233
2612117
2614003
2615890
261637
2617780
2619769
2621674
2623609
2625582
2627582
2629493
2631279
2633167
2634963
263602
2636889
2638804
2640595
2642598
2644625
2646571
2648363
2650364
265119
2652365
2652725
2654629
2656532
2658430
2660337
2662241
2664138
2666040
2667934
266946
2669839
2671746
2673651
2675553
2677458
2679361
2681269
2683173
268475
2685075
2686980
2688884
2690772
2692672
2694576
2696557
2698470
2700371
2702051
2703956
270549
2705857
2707755
2709659
2711553
2713458
2715361
27169
2717260
2719166
272025
2721070
2722967
2724869
2726772
2728677
2730562
2732454
2734358
273592
2736265
2738165
2740069
2741974
2743870
2745782
2747755
2749701
2751610
2753496
2755413
275630
2757314
2759214
2761119
2763018
2764916
2766818
2768719
2770622
277165
2772528
2774436
2776337
2778242
2780146
2782045
2783949
2785851
2787751
2789656
2791558
279193
2793461
2795358
2797263
2799167
2801066
2802973
2804878
2806784
2808690
2810591
281227
2812496
2814400
2816302
2818207
2820044
2822047
2824050
2826008
2827972
282967
2829941
2831853
2833698
2835667
2837640
2839609
2841124
2842775
2844449
2846041
2847944
284936
2849848
2851750
2853723
2855717
2857791
2859824
2861515
2863479
2865162
286628
2866910
2868862
2870779
2872518
2874433
2876643
2878591
2880333
2882081
2883811
2885500
288594
2887233
2888969
2890732
2892490
2894240
2895738
2897917
2899911
2902098
2904310
290559
2906333
29073
2908366
2910604
2912511
2914521
2916517
2918248
2919983
2921720
2923447
292370
2925189
2926926
2928682
2930419
2932178
2933924
2935685
2937424
2939181
293920
2940934
2942695
2944434
2946194
2947936
2949692
2951443
2953195
2954957
2956698
2958461
295886
2960203
2961951
2963691
2965438
2967171
2968919
2970668
2972428
2974193
2975940
2977924
297851
2979917
2981885
2983880
2985490
2987007
2988613
2990575
2992482
2994343
2995560
2997326
299815
2999478
3001589
3003475
3005374
3007251
3009150
3011215
3013270
3015335
3017396
301913
3019434
3021448
3023353
3025232
3026874
3028492
3030835
3032761
3034802
303657
3036956
3038867
3040876
3042909
3044883
3046867
3048548
3050713
3052859
305405
3055061
3057166
3059467
3061532
3063669
3065750
3067898
3070047
3072142
307364
3074206
3076282
3078483
3080607
3082720
3084825
3086940
3089136
3091203
3093298
309457
3095386
3097525
3099589
3101691
3103784
3105892
31069
3108088
3110271
3112400
311360
3114518
3116640
3118741
3120863
3123053
3125291
3127474
3129518
313108
3131560
3133747
3135819
3137698
3139594
3141490
3143391
3145291
3147190
314855
3149091
3150990
3152892
3154790
3156680
3158579
3160479
3162377
3164276
316604
3166174
3168076
3169978
3171875
3173768
3175671
3177688
3179885
3182095
318350
3184859
3186914
3188993
3191054
3193104
3195182
3197246
3198957
3200617
320099
3202692
3204600
3206435
3208485
3210537
3212599
3214651
3216707
321846
3218776
3220856
3222920
3224977
3227027
3229096
3231150
3233210
3235260
323598
3237329
3239380
3241444
3243499
3245543
3247587
3249670
3251742
325346
3253798
3255851
3257898
3259967
3262027
3264076
3266127
3268190
3269801
327097
3271513
3273284
3274755
3276741
3278662
3280346
3282258
3284187
3285888
3287655
328844
3289347
3291033
3292715
3294682
3296646
3297189
3297600
3299339
3301397
3303256
3305105
330591
33065
3307021
3308933
3310858
3312790
3314698
3316628
3318397
3320138
3321840
332338
3323584
3325281
3327006
3328733
3330444
3332151
3333866
3335556
3337256
3338924
3340613
3342333
334239
3344300
3346267
3348235
3350202
3352169
3354137
3356105
3358073
3360040
3362007
336204
3363960
3365942
3367945
3369949
3371864
3374243
3374694
3375140
3375591
3377501
3379410
3381323
338165
3383228
3385125
3386635
3388539
3390449
3392598
3394595
3396711
3398677
339913
3400656
3402615
3404578
3406543
3408508
3410469
3412441
3414423
3416378
341662
3418360
3420342
3422307
3424268
3426224
3428194
3430197
3432148
3434118
3436122
343632
3438124
3440105
3442078
3444067
3446033
3447980
3449935
3451824
345320
3453786
3455749
3457713
3459678
3461661
3463633
3465594
3467555
346853
3469537
3471519
3473501
3475478
3477445
3479433
3481397
3483371
348407
3485336
3487309
3489327
3491306
3493259
3495245
3497177
3499052
3500657
3502401
350287
3504515
35063
3506461
3508427
3510325
3512015
3513908
3515872
3517818
3519721
3521489
352187
3523255
3525022
3526790
3528852
3530922
3532992
3535060
3537130
3539208
3541276
3543340
3545392
3547461
354910
3549536
3551603
3553674
3555736
3557800
3559868
3561942
3563993
3566067
356686
3568218
3570111
3571990
3573881
3575769
3577670
3579549
3581435
3583309
358442
3585219
3587178
3589134
3590253
3592090
3593919
3595708
3597556
3599499
3601398
3603288
360336
3605195
3607085
3608974
3610866
3612755
3614650
3616547
3618437
361908
3620036
3621925
3623828
3625726
3627617
3629506
3631362
3633237
363497
3635147
3637038
3638927
3640812
3642701
3644545
3646449
3648342
3650319
365150
3652228
3654224
3656197
3656
3658144
3660090
3662108
3664253
3666238
366751
3667746
3669256
3670765
3672755
3674666
3676616
3678619
3680569
3682559
3684564
368535
3686510
3688517
3690522
3692527
3694491
3696453
3698419
3700384
3702333
3704363
370454
3706327
37066
3708293
3710202
3712111
3714015
3715967
3717945
3719897
3721838
3723798
372418
3725758
3727192
3729165
3731052
3733066
3735007
3736807
3738760
3740733
3742680
374419
3744217
3746226
3748176
3749728
3751988
3754257
3756206
3758237
3760189
3762175
376316
3764247
3766277
3768302
3770386
3772482
3774482
3776497
3778544
3780640
3782712
378302
3784763
3786862
3788958
3790986
3793114
3795431
3797566
3799877
3802115
380305
3804313
3806516
3808685
3810984
3813331
3815476
3817506
3819591
3821668
382226
3823662
3825576
3827490
3829504
3831048
3832971
3834898
3836625
3838359
383894
3840329
3842069
3843828
3845562
3847325
3849082
384990
3850846
3852584
3854292
3856049
3857790
3859526
3861287
3863033
3864783
3866529
3868251
386910
3870237
3872217
3874193
3876167
3877332
3879304
3881277
3883249
3885161
3886696
388823
3888705
3890704
3892681
3893050
3894992
3896920
3899126
3901294
390280
3903292
3905250
39068
3907194
3909173
3911165
3912877
3914785
3916746
3918699
391877
3920646
3922613
3924570
3926569
3928587
3930601
3932582
3934578
393464
3936585
3938504
3940421
3942418
3944331
3946223
3947737
3949633
3951362
3953195
3955028
395507
3956973
3958967
3960956
3962923
3964853
3966822
3968730
3970706
3972670
3974668
397505
3976654
3978632
3980623
3982588
3984570
3986452
3988466
3990480
3992709
3994741
399503
3996695
3998652
4000001
4001076
4001570
4004032
4005267
4007174
4008849
4010518
4012279
4014034
401441
4015724
4017433
4019190
4020889
4022586
4024323
4026047
4027730
4029444
402944
4031131
4032827
4034550
4036225
4037950
4039663
4041368
4042983
4044736
4046398
4048136
404919
4049793
4051539
4053219
4054957
4056650
4058338
4060019
4061761
4063447
406475
4065135
4066826
4068566
4070513
4072504
4074450
4076524
407654
4078593
4080629
4082622
4084602
4086594
4088606
4090618
4092629
4094638
4096650
409816
4098657
4100668
4102678
4104631
4106529
41069
4108520
4110534
4112418
4114164
4116123
411673
4117826
4119404
4120960
4122579
4124545
4126397
4128143
4129888
4131637
4133389
413440
4135130
4136877
4138625
4140373
4142124
4143871
4145619
4147370
4149118
4150630
4152513
415274
4154396
4156279
4158182
4160106
4161812
4163518
4165532
4167051
4168585
4170538
4172439
4174557
417568
4176538
4178549
4180443
4182129
4184165
4186175
4187483
4189088
419080
4191276
4193286
4195195
4197107
4199042
4201057
4203009
4204943
420543
4206868
4208803
4210715
4212623
4214532
4216430
4218340
4220262
4222145
4224038
422406
4225735
4227435
4229127
4231057
4233024
4234976
4236920
4238866
4240807
4242763
424345
4244700
4246646
4248596
4250543
4252490
4254628
4256766
4258636
4260682
4262281
426234
4264283
4266284
4268286
4270288
4272290
4274293
428103
4291198
4293211
4295208
4297154
4298877
429946
4300601
4302325
4304049
4305772
43070
4307496
4309220
4310945
4312670
4314394
431459
4316119
4317844
4319569
4321293
4323197
4325096
4326996
4328968
4330955
4333006
4334721
4336473
4338228
4339985
4341742
4343502
434416
4345296
4347245
4349010
4350935
4352772
4354793
4356815
4358502
4360191
4361894
436242
4363606
4365295
4367005
4368709
4370413
4372102
4373763
4375509
4377196
4378879
4380574
438226
4382520
4384562
4386538
4388455
4390873
4392879
4394883
4396889
4398795
4400694
440152
4402649
4404466
4406369
4408271
4410171
4412073
4413974
4415951
4418065
4420173
4422285
442253
4424398
4426492
4428603
4430700
4432627
4434645
4436637
4438334
443838
4440237
4442234
4444217
4446173
4448172
444844
4449281
4451040
4452929
4454874
4456803
4457246
4459204
446025
4461164
4463124
4465084
4467050
4468990
4470973
4472932
4474893
4476850
447857
4478803
4480742
4482688
4484629
4486223
4488156
4490078
4492021
4494016
4496002
4497949
449865
4499961
4501978
4502338
4504316
4506311
45070
4508228
4509766
4511777
4513741
4515663
4516267
451716
4518249
4520166
4522083
4523886
4525801
4527767
4529756
4531719
4531915
4533836
453401
4535341
4537239
4539200
4541110
4543078
4544790
4545437
4547808
4549716
4551431
4553317
455512
4555239
4557224
4559236
4561137
4563040
4565033
4567025
4568959
4570867
4572781
4574706
457532
4576708
4578709
4580663
4582626
4584615
4586548
4588468
4590454
4592429
4594355
459449
4596424
4598422
4600446
4602373
4604285
4606198
4608109
4610560
4612572
461376
4614583
4616558
4618478
4620393
4622297
4624295
4626185
4628188
462954
4630193
4632180
4634257
4636215
4638169
4640127
4642088
4644055
4646018
4647987
464903
4649949
4651909
4653878
4655842
4657860
4659880
4661903
4664252
4667002
466794
4669587
4671929
4674573
4676363
4678363
4680345
4682242
468313
4684288
4686250
4688227
4690165
4692111
4694051
4695995
4697879
4699763
470092
4701647
4703531
4705414
4707136
47072
4708855
4710572
4712291
4714010
4715851
4717571
4719519
471953
4721472
4723996
4725510
4727253
4728781
4730402
4731892
4733419
4734925
4736493
473653
4738606
4740223
4741751
4743331
4744970
4746476
4748589
4750118
4752045
4754022
475591
4756032
4757947
4759908
4760959
4762970
4764910
4766849
4768856
4770842
4772746
4774006
477451
4775330
4777245
4779127
4781125
4783110
4785084
4787095
4789104
4791061
4793002
4794941
4796881
4798676
479916
4800388
4802315
4804615
4806619
4808516
4810329
4812144
4813954
481489
4815770
4817675
4819580
4821483
4823387
4825288
4827100
4828958
4830948
4832939
483399
4834888
4836836
4838728
4840677
4842624
4844226
4846542
4848501
4850408
4852238
485343
4854253
4855995
4857889
4859776
4861670
4863510
4865530
4867383
4869278
4871078
4872868
487464
4874860
4876992
4879070
4881226
4882964
4884702
4886438
4888177
4890067
489008
4892108
4894073
4896066
4897975
4899943
4901978
4903942
4905174
490582
49068
4907009
4908919
4910824
4912817
4914725
4916694
4918572
4920205
4922206
4923911
4926166
492655
4928165
4930164
4932156
4934119
4936407
4938662
4940924
4943161
4945436
494652
4947750
4950482
4952311
4953916
4955874
4957832
4959787
4961760
4963661
4965661
496595
4967573
4969471
4971372
4973262
4975159
4977067
4978958
4980484
4982484
4984046
498502
4985585
4987079
4989067
4991043
4992934
4994824
4996716
4998607
5000498
5002258
500247
5004052
5005846
5007836
5009779
5011725
5013669
5015613
5017559
5019501
5021648
502320
5023644
5025553
5027118
5029133
5031149
5033087
5035082
5036993
5038964
5040750
5042511
504383
5044524
5046551
5048423
5050388
5052348
5054308
5056028
5057932
5059724
5061481
5063236
506429
5065264
5067256
5068599
5069550
5070483
5072336
5073329
5074506
5075943
5077089
5078350
508020
5080345
5082318
5084292
5086261
5088249
5089848
5091454
5093045
5094634
5096223
509636
5097813
5099810
5101814
5103818
5105680
51070
5107543
5109405
5111418
511225
5113413
5115408
5117404
5119400
5120907
5122401
5123935
5125480
5126981
512821
5128487
5128
5129915
5131442
513206
5133437
5134990
5136991
5138937
5140881
5142827
5144776
5146719
5148663
5150611
515141
5152558
5154507
5156455
5158402
5160341
5162282
5164228
5165705
5167173
5168684
5170143
517154
5171894
5173805
5175793
5177767
5179782
5181784
5183708
5185667
5187642
5189595
519110
5191536
5193474
5195417
5197358
5199299
5200897
5202864
5204756
5206603
5208418
5210366
521052
5212282
5214197
5216084
5217100
5218147
5220093
5222110
5224083
5226072
5228048
522992
5230022
5231946
5233906
5235875
5237858
5239824
5241801
524955
5254017
5256000
5257981
5259961
5261969
5263981
5265932
5267930
526901
5269709
5273463
5276536
5278897
5279978
5281836
5283746
5285656
5287582
5288526
528865
5290424
5292384
5294327
5296340
5298354
5300368
5302381
5304394
5306408
53074
5308422
530956
5310435
5312449
5314463
5316477
5318491
5320504
5322517
5324530
5326544
5328558
532925
5330571
5332585
5334599
5336613
5338626
5340640
5342653
5344667
5346585
5348511
534885
5349993
5351890
5354010
5356002
5357995
5359810
5361813
5363721
5365621
5367527
536869
5369434
5371341
5373337
5375333
5377329
5379232
5381137
5383045
5384949
5386857
538831
5388763
5390668
5392603
5394535
5396477
5398406
5400336
5402302
5404267
5406236
5408201
540845
5410140
5412120
5414013
5415837
5417954
5419860
5421196
5423193
5425100
5427015
542701
5429021
5431035
5433048
5435061
5437074
543831
5439088
5441093
5442489
5444400
5446394
5447531
5448402
5450413
5452079
5454079
5456088
545789
5458091
5460083
5462078
5464073
5466058
5468060
5470001
5471929
5473852
5475776
5477709
547780
5479645
5481576
5483505
5485436
5487359
5489289
5490017
5491032
5492083
5493052
5494080
5496092
549739
5498050
5499965
5501926
5504168
5506348
55076
5508048
5509758
5511088
5513047
5515058
5517067
551729
5519072
5521090
5523095
5525080
5527075
5529069
5531057
5533049
5535062
5536809
553681
5538801
5540767
5542640
5544388
5546133
5548010
5549829
5551727
555179
5553566
5555544
5557457
5559192
5560929
5562666
5564414
5566145
5567659
5569326
5571164
5573158
557407
5575041
5576909
5578623
5580416
5582611
5584819
5586538
5588520
5590521
5592523
559354
5594443
5596325
5598397
5600364
5602204
5604084
5606037
5607996
5609881
5611877
561280
5613746
5615624
5617585
5619438
5621394
5623364
5625217
5627096
5629024
5631051
563293
5633016
5634968
5636837
5638726
5640544
5642415
5644424
5646332
5648248
5650197
5652176
565233
5653321
5654859
5656921
5659556
5662328
5664316
5666368
5668357
5670346
567178
5672327
5674327
5676292
5678159
5680061
5681761
5683633
5685972
5687296
5688812
5690314
569123
5691890
5693360
5694870
5696417
5697998
5699521
5701479
5703452
5705433
5707361
57078
5709262
571068
5711301
5713278
5715234
5717171
5719060
5721072
5722893
5724707
572587
5726333
5728296
5730259
5732170
5734050
5735948
5737825
5739784
5741884
5743427
5745368
574599
5747310
5749264
5751247
5753180
5754830
5756479
5758253
5759734
5761427
5763028
5764655
576613
5766612
5768601
5770539
5772496
5774433
5776366
5778299
5780252
5782147
5784033
5785800
578620
5787358
5789226
5791137
5793186
5795151
5797148
5799047
5801046
5803054
5804891
580621
5807084
5808967
5811207
5813123
5814838
5816796
5818489
5820468
5822001
5823547
5825536
582655
5827504
5829213
5831115
5833085
5834978
5836874
5838406
5839923
5841968
5843973
5845978
584601
5847447
5849394
5851351
5853538
5855481
5857370
5859352
5861293
5863282
5865269
586546
5867236
5869232
5871218
5873201
5875188
5877175
5879162
5881146
5883103
588492
5885083
5887059
5888877
5890816
5892314
5894215
5896274
5898273
5900276
5902148
5904067
590437
5906058
5908273
59084
5910482
5912697
5914649
5916672
5918698
5920728
5922727
592398
5924726
5926715
5928714
5930706
5932697
5934697
5936536
5938586
5940477
5942433
594372
5944332
5946230
5948249
5950266
5952285
5954308
5956325
5958343
5960299
5962255
596319
5964213
5966158
5968151
5970200
5972110
5974061
5976172
5977857
5979838
5981350
598258
5982861
5984843
598498
5986465
5988469
5990402
5992322
5994386
5996282
5997904
5999808
6001741
600334
6003674
6005614
6007562
6009483
6011418
6013374
6015292
6017238
6019198
6021184
602293
6022972
6024910
6026846
6028729
6030652
6032621
6034585
6036507
6038464
6040398
6042330
604253
6044260
6046213
6048153
6049730
6051279
6053178
6055191
6056626
6058628
6060185
606105
6062190
6064130
6066044
6067971
6069909
6071859
6073451
6075277
6077150
6079057
6081076
608140
6083152
6085161
6087141
6088877
6090881
6092811
6094793
6096810
6098812
609887
6100889
6102913
6105324
6107292
61089
6109258
6111270
6113272
6115269
611630
6117277
6119271
6121264
6123272
6125269
6127176
6129063
6130950
6132953
613342
6134899
6136417
6138250
6139855
6141836
6143818
6145801
6147783
6149765
615062
6151749
6153707
6155679
6157686
6159649
6161646
6163562
6165618
6167520
616805
6169423
6171326
6173230
6175131
6177027
6179022
6180999
6182985
6184973
618535
6186579
6188186
6189785
6191388
6192993
6194611
6196216
6197821
6199446
6201039
6202661
620280
6204385
6206109
6208091
6210032
6211884
6213721
6215538
6217375
6219208
622024
6221048
6222889
6224714
6226552
6228393
6230227
6232094
6233691
6235688
623728
6237696
6239682
6241701
6243725
6245772
6247753
6249707
6251701
6253651
625426
6255551
6257543
6259485
6261429
6263390
6265336
6267228
6269198
6271188
627132
6273142
6275140
6277086
6279032
6281227
6283174
6284556
6286244
6287931
628860
6289618
6291308
6292996
6294678
6296364
6298052
6299739
6301425
6303113
6304798
630587
6306486
6308169
63093
6309855
6311541
6313226
6314912
6316716
6318663
6320504
6322467
632281
6324446
6326421
6328392
6330370
6332315
6334260
6336202
6338147
633987
6340094
6342039
6343985
6345931
6347876
6349822
6351768
6353714
6355659
635743
6357605
6359550
6361495
6363440
6365384
6367327
6369272
6371217
637281
6373162
6375108
6377053
6378998
6380943
6382888
6384834
6386779
6388725
6390670
639256
6392615
6394561
6396507
6398452
6400398
6402341
6404286
6406230
6408175
6410122
6412064
641231
6414010
6415955
6417900
6419846
6421791
6423737
6425682
6427895
6429924
6431682
643219
6433468
6435272
6436999
6438649
6440490
6442075
6444026
6445976
6447979
6449872
645177
6451832
6453249
6455153
6456901
6458613
6460214
6462200
6464110
6465998
6467920
646870
6469843
6471765
6473687
6475610
6477532
6479508
6481484
6483381
6485370
6487272
6489344
649018
6491749
6494085
6495630
6497270
6498905
6500552
650165
6502539
6504992
6508021
6509721
65098
6511421
6513121
6515109
6517113
6519153
6521112
652278
6523112
6525055
6527003
6528897
6530899
6532867
6534830
6536774
653828
6538451
6540399
6542364
6544392
6546292
6548311
6550334
6552028
655360
6553719
6555732
6557954
6559822
6561724
6563763
6565784
656915
6569521
6571208
6573204
6575227
6576428
6577974
6579920
6581866
6583809
658463
6585752
6587698
6589646
6591598
6593545
6595494
6597444
6599390
660013
6601401
6603199
6605228
6607174
6609121
6611067
6613017
6614978
661595
6616922
6618868
6620819
6622768
6624718
6626705
6628678
6630662
663165
6632607
6634554
6636506
6638456
6640399
6642349
6644251
6646153
6648057
6649995
665091
6651940
6653884
6655833
6657781
665920
6659786
6661498
6662998
6664908
6666811
6668780
6670461
6672164
6673859
6675854
6677371
667882
6678897
6680431
6682378
6684418
6686364
6688303
6690246
6692209
6694125
6696072
6698020
669867
6699971
6701918
6703865
6705811
6707759
6709710
67101
6711756
6713694
6715633
6717579
671776
6719518
6721457
6723405
6725347
6727291
6729236
6731179
6733122
673331
6735065
6737018
6738980
6740519
6742065
6742874
6743685
6744491
674510
6745299
6746191
6746994
6747866
6749371
6751156
6753065
6754975
6756883
6758793
6760714
6762624
6764535
676472
6766441
6768469
6770214
6771942
6773622
6775538
6777441
6779437
6781384
678181
6783241
6785188
6786896
6788750
6790658
6792573
6794324
6796024
6797698
6799374
6801079
680140
6802776
6804485
6806188
6807896
6809595
6811762
6813931
6815875
681657
6817834
6819840
6821820
6823863
6825773
6827663
6829600
6831516
683162
6833283
6835238
6837230
6839166
6841083
6843000
6844980
684691
6846974
6848815
6850571
6852577
6854174
6856103
6858032
6859556
6861074
686230
6862576
6864097
6866036
6867974
6869913
6871852
6873801
6875691
6877191
687762
6878951
6880712
6882708
6884824
6886731
6888636
6890693
6892652
6894141
6895924
689754
6897839
6899527
6901214
6902902
6904538
6906198
6907882
6909600
69103
6911267
6912957
691321
6914656
6916330
6917898
6919475
6921056
6922642
6924196
6925744
6927280
6928832
692888
6930487
6932051
6933623
6935167
6936712
6938271
6939789
6941344
6942916
6944611
6946287
6947979
694849
6949672
6951364
6953056
6954738
6956430
6958124
6959821
6961515
6963208
6964897
6966590
6968285
696828
6970411
6972430
6974468
6976464
6977987
6979960
6981863
6983771
698560
6985754
6987662
6989567
6991578
6993524
6995428
6997333
6999327
700101
7001280
7003511
7005453
7007418
7009260
7011174
7013137
7015102
7017150
701828
7019196
7021244
7023292
7025396
7027438
7029381
7031325
7033270
7035202
703588
7037146
7039084
7041028
7042979
7045027
7047072
7049133
7051142
7053154
705351
7055175
7057182
7059200
7061217
7063229
7064
7065232
7067138
7067901
7068682
7070808
707101
7072751
7074673
7075758
7077656
7079602
7081548
7083493
708475
7085479
7087385
7089363
7091347
7093326
7094696
7096443
7098191
7099938
7101684
710223
7103668
7105645
7107649
7109594
71107
7111596
711196
7113150
7115183
7117158
7119066
7121177
712212
7123290
7125258
7127246
7129209
7130961
7132708
7134454
7136201
713777
7137948
7139695
7141442
7143188
7144935
7146682
7148429
7150174
7151921
7153667
7155414
7157160
715777
7158907
7160654
7162575
7164529
7166483
7168438
7170668
7171467
7176461
717721
7177927
7179287
7180788
7182312
7183782
7185256
7186755
7188228
7189705
7191213
7192691
7194302
7196371
719703
7198319
7200341
7202351
7204313
7205950
7207942
7209958
7212117
7214267
7216170
721721
7218209
7220240
7222182
7224324
7226322
7228241
7230206
7232169
7234312
7236312
723639
7238274
7240192
7242192
7244186
7246272
7248406
7250398
7252105
7253833
725556
7255572
7257470
7259500
7261173
7263233
7265224
7267302
7269196
7270885
7272594
7274308
727576
7276002
7277691
7279605
7281792
7283745
7285243
7287261
7289277
7290777
7292739
7294758
729549
7296770
7298485
7300493
7301514
7302560
7303619
7304650
7306552
7307386
730886
7308889
7310889
73111
7312364
7313823
7315743
7317890
731889
7319752
7321609
7323309
7324873
7326574
7328204
732958
7330163
7332046
7334068
7335941
7337540
7339500
7341464
7343424
7345371
7347251
734873
7349252
7351349
7353213
7355137
7357093
7359104
7361323
7363299
7365263
7366964
7368664
737055
7370620
7372509
7374205
7375906
7377607
7379308
7381008
7382710
7384411
7386109
7387810
738877
7389506
7391207
7392905
7394605
7396306
7398007
7399708
7401408
7403108
7404982
7406885
7408814
7410167
7411574
741319
7413498
7415415
7417382
7419353
7421310
7423256
7424790
7426324
7428233
7430187
7431970
743226
7433856
7435382
7437397
7439421
7441342
7443301
744334
7445290
7447160
7449163
7451078
7453020
7454977
7456939
7458901
7460572
7462313
746382
7464065
7465572
7467618
7469667
7471624
7473568
7475529
7477487
7479459
7481416
7483374
748365
7485332
7487290
7489210
7491140
7493169
7495070
7496960
749863
7498857
7500759
7502660
7504647
7506670
7508571
7510522
7512491
75126
7514463
7516362
751727
7518290
7520277
7522188
7524147
7526014
7527931
7529939
7531806
7533728
7535600
753588
7537640
7539567
7541722
7543707
7545614
7547245
7548881
7550822
7552767
755461
7554697
7556642
7557859
7559786
7561690
7563598
7565507
7567414
7569322
7571217
757310
7573123
7575033
7576938
7578844
7580752
7582659
7584567
7586476
7588383
7590435
7592486
759263
7594389
7596059
7597987
7599980
7601352
7602723
7604775
7606809
7608779
760948
7610617
7611445
7613351
7615244
7617221
7619198
7621145
7623098
7625083
762632
7627054
7629043
7630988
7632961
7634931
7636899
7638856
7640830
7642813
764316
7644786
7646771
7648750
7650732
7652711
7654692
7656675
7658641
766004
7660609
7662580
7664540
7666506
7668471
7670437
7672424
7674386
7676347
767727
7678306
7680281
7682273
7684244
7686217
7688187
7690140
7692110
7694085
769438
7696033
7698028
7700006
7701966
7703938
7705913
7707875
7709833
771151
7711780
77130
7713763
7715718
7717726
7719701
7721696
7723684
7725678
7727668
772847
7729667
7731670
7733602
7735490
7737401
7739369
7741333
7743299
7745279
774547
7746978
7748046
7749943
7751905
7753616
7755593
7757622
7759536
7761503
776236
7763446
7765412
7767313
7769205
7771183
7773163
7775134
7777029
7778991
777955
7780956
7782932
7784899
7785258
7787237
7789206
7791174
7793151
7795079
779667
7797065
7799076
7801057
7803042
7805023
7807009
7808994
7810929
7812865
781380
7814799
7816732
7818666
7820602
7822492
7824613
7826571
7828525
7830482
783066
7832654
7834824
7836966
7838414
7840024
7841553
7843520
7845483
7847450
784785
7849406
7851366
7853321
7855262
7857196
7859150
7861131
7863275
786491
7865238
7867265
7869043
7870828
7872604
7874566
7876468
7878402
7880378
788203
7882345
7884301
7886259
7888289
7890317
7891859
7893770
7895680
7897592
789888
7899502
7901412
7903325
7905233
7907144
7909057
7910968
7912876
79134
7914787
791574
7916698
7918612
7920525
7922439
7924349
7926248
7928071
7929996
7931917
793254
7933892
7935825
7937815
7939467
7941509
7943491
7945351
7947366
7949407
794979
7951297
7953297
7955296
7957296
7959296
7961296
7963296
7965214
796677
7967271
7969138
7971140
7973130
7975128
7977030
7978944
7980841
7982715
798373
7984619
7986632
7988637
7990636
7992635
7994629
7996636
7998628
8000628
800096
8002626
8004625
8006626
8008626
8010625
8012625
8014621
8016611
801791
8018600
8020594
8022593
8024596
8026604
8028607
8030610
8032605
8034610
803484
8036605
8038603
8040599
8042609
8044613
8046608
8048605
8050602
805187
8052598
8054595
8056591
8058588
8060585
8062582
8064546
8066513
8068508
806883
8070503
8072499
8074495
8076499
8078491
8080495
8082501
8084497
808609
8086493
8088492
8090488
8092487
8094448
8096427
8098464
8100466
8102468
810362
8104468
8106467
8108467
8110467
8112294
8114121
81141
8116072
8117982
8119917
812072
8122108
8124070
8126074
8128004
8129882
8131885
8133888
8135895
813696
8137900
8139903
8141909
8143906
8145912
8147917
8149921
8151927
8153928
8155925
815652
8157938
8159944
8161943
8163978
8166046
8167924
8169914
8171871
817348
8173798
8175767
817618
8177734
8179428
8181417
8183332
8185252
8187165
8189145
8191162
8193144
8195195
819579
8196904
8198887
8201052
8202714
8204621
8206523
8208509
8210544
8212556
8214559
821497
8216550
8218491
8220657
8222402
8224330
8226299
8228225
8230148
823229
8233939
8235939
8237996
8239861
8241855
8243801
8245701
8247605
8249581
824974
8251171
8253377
8254943
8256981
8258995
8260642
8262161
8263228
8265148
826672
8267561
8269536
8271532
8273448
8275377
8277290
8279255
8281420
8283386
828422
8285084
8286802
8287257
8289206
8291197
8293122
8295033
8296677
8298598
8300462
830101
8302434
8304678
8306918
8309165
8311166
8312716
8314299
83145
8316219
831807
8318211
8320187
8322163
8324138
8326096
8327966
8329880
8331778
8333753
833493
8335734
8337709
8339675
8341654
8343570
8345229
8347152
8349155
8351159
835169
8353160
8355165
8357164
8359166
8361172
8363188
8365194
8367198
836868
8368879
8370851
8372751
8374729
8376709
8378671
8380622
8382536
8384439
838590
8386340
8388300
8390307
8392067
8393809
8395699
8397284
8399698
8401637
840343
8403542
8405559
8407515
8409426
8411335
8413244
8415152
8417208
8418951
8420961
8422840
842299
8424742
8426761
8428710
8430583
8432581
8434094
8436066
8438082
8440070
8441968
844260
8443569
8445535
8447503
8449465
8451418
8453386
8455370
8457348
8459328
8461287
846215
8463278
8465234
8467199
8469163
8471074
8472973
8474865
8476852
8478729
8480734
848198
8482482
8484428
8486422
8488376
8490376
8492263
8494283
8495994
8497699
8499401
850100
8501363
8503359
8505381
8507096
8508825
8510502
8512223
8514140
85153
851603
8516168
8518082
8520064
8522041
8524021
8526007
8527989
853018
8530371
8532356
8534274
8536253
8538153
8540095
8542099
8543986
8545886
8547833
854929
8549857
8551803
8553766
8555768
8557668
8559654
8561614
8563629
8565634
856579
8567643
8569542
8571488
8573399
8575265
8577148
8579022
8579950
8580833
8582753
8584645
858475
8586283
8588198
8590181
8592110
8594089
8595927
8597823
8599776
8601647
8603624
860371
8605453
8607220
8609212
8611138
8613050
8614975
8616900
8618799
8620755
8622655
862281
8624536
8626534
8628443
8630444
8632342
8634205
8636209
8638098
8640048
864191
8641953
8643957
8646009
8648041
8649962
8651808
8653729
8655642
8657558
865875
8659499
8661444
8663401
8665392
8667331
8669300
8671269
8673119
8675076
8677035
867785
8679005
8680964
8682926
8684906
8686878
8688860
8690843
8692835
8694821
8696781
869837
8698746
8700720
8702690
8704661
8706619
8708587
8710562
8712699
8714598
87151
8716558
871784
8718517
8720477
8722484
8724495
8726506
8728439
8730478
8732466
8734355
8736334
873699
8738313
8740306
8742291
8744263
8746219
8748235
8750164
8752175
8754114
8756148
875633
8758159
8760177
8762186
8764250
8766158
8768038
8770012
8772004
8773839
8775822
877654
8777756
8779683
8781467
8783216
8785149
8787068
8789417
8791359
8792888
8794930
879630
8796918
8798511
8800408
8802114
8803821
8805830
8807873
8809934
8811981
8814030
881597
8816025
8817897
8819837
8821781
8823712
8825719
8827765
8829759
8831713
8833257
8835154
883579
8837053
8838952
8840850
8842748
8844646
8846545
8848442
884975
8850339
8852237
8854135
8856033
8857932
8859820
8861718
8863617
8865517
886687
8867414
8869313
8871201
8873094
8874993
8876892
8878791
8880690
8882587
888416
8884486
8886594
8888625
8890666
8892698
8894741
8896608
8898615
890055
8900587
8902537
8904470
8906420
8908378
8910330
8912316
8914293
89161
8916247
8918212
892006
8920127
8922005
8923884
8925864
8927843
8929851
8931903
8933901
8936098
8938099
893896
8940081
8942302
8944298
8946294
8948275
8950270
8952280
8954258
8956251
895768
8958242
8960225
8962214
8964206
8966402
8968333
8970332
8972327
8974303
8976274
897741
8978258
8980267
8982385
8984395
8986493
8988481
8990081
8991625
8993609
899440
8995595
8997569
8999573
9001570
9003539
9005527
9007455
9009457
901152
9011659
9013643
9015649
9017613
9019607
9021683
9023682
9023
9025636
9027770
902864
9029717
9031964
9033861
9035875
9037870
9039905
9041938
9043805
9045705
904576
9047734
9049662
9051668
9053572
9055575
9057543
9059798
9061790
906288
9063752
9065294
9067262
9069254
9071154
9073131
9075114
9077112
9079088
9080994
908266
9082934
9084921
9086930
9088911
9090855
9092831
9094785
9097038
9098956
9100942
910286
9102887
9104831
9106569
9108304
9110307
9112141
9114011
9115861
91163
9117862
9119843
912046
9121845
9123801
9125846
9127903
9129879
9132157
9134843
9136808
913789
9138789
9140959
9142938
9144942
9147366
9149264
9151142
9153117
9155092
9157044
915713
9159089
9161585
9164002
9166122
9168104
9170088
9172074
917290
9174060
9176024
9177903
9179781
9181751
9183752
9185660
9187581
9189531
919132
9191492
9193492
9195464
9197366
9199236
9201190
9203117
9205135
9206667
9208622
9210563
921128
9212515
9214432
9216390
9218345
9220512
9222458
9224328
9226211
9228195
9230095
923036
9232098
9233831
9235701
9237539
9239542
9241573
9243598
9245717
9247698
924944
9249643
9251547
9253379
9255261
9257151
9259030
9260925
9262760
9264653
9266499
9268518
926906
9270193
9272137
9274060
9276050
9277996
9279952
9281980
9283889
9285488
9287388
928825
9288943
9290826
9292844
9294808
9296768
9298775
9300986
9302884
930438
9304942
9306043
9308002
9309629
9311602
9313570
9315469
93165
9317476
9319383
9321335
932142
9323181
9324984
9326895
9328888
9330885
9332886
9334886
9336864
9338768
9340894
934117
9342946
9344995
9347089
9349020
9350931
9352943
9354986
9356959
9358568
9360188
936034
9362188
9364188
936450
9366202
9368214
9370218
9372219
9374267
9376279
9378256
9380266
9382277
938373
9384209
9386325
9388278
9390230
9392179
9394125
9395318
9397255
9397567
9398358
9400360
9402269
9404231
940472
9406217
9408222
9410205
9412193
9414172
9416119
9418083
9420026
9421933
9423840
9425474
942550
9427424
9429377
9431329
9433284
9435232
9437187
9439153
9441106
9442955
9444902
944620
9446751
9448599
9450453
9452285
9454138
9455983
9457986
9459991
9462007
9463566
9465125
946524
9466687
9468246
9469801
9471356
9472915
9474476
9476417
9478399
9480383
9482361
9484337
948496
9486326
9488330
9490358
9492316
9494437
9496327
9498244
9500171
9502087
9503999
950405
9505929
9507844
9509765
9511679
9513653
9515299
95168
9516938
9518903
9520923
9522884
952316
9524887
9526878
9528844
9530808
9532787
9534736
9536733
9538775
954044
9540822
9542839
9544857
9546876
9548903
9550930
9552948
9554965
9556982
9558999
955936
9561032
9563059
9565078
9567096
9568786
9570476
9572398
9574354
957541
9576331
9578352
9580042
9581978
9583888
9585839
9587795
9589749
9591700
9593652
959460
9595607
9596932
9598816
9600708
9602597
9604488
9606384
9608301
9610227
9612103
9614044
961455
9615959
9617872
9619788
9621767
9623704
9625572
9627505
9629422
963046
9631349
9633280
9635210
9637150
9639085
9641019
9642960
9644898
964593
9646827
9648767
9650706
9652649
9654588
9656528
9658457
9660404
9662347
9664257
966513
9666199
9668123
9670049
9671970
9673895
9675836
9677761
9679703
9681631
968260
9683552
9685472
9687446
9689392
9691327
9693254
9695193
9697157
9699117
9701028
970253
9702957
9704874
9706798
9708719
9710651
9712572
9714510
9716437
97173
9718438
971891
9720340
9722257
9724188
9726110
9728047
9729982
9731921
9733843
9735763
9737686
973894
9739611
9741536
9743463
9745386
9747312
9749244
9751163
9753046
9754974
9756831
9758741
975895
9760618
9762539
9764477
9766359
9768293
9770227
9772160
9774092
9776023
9777955
977855
9779948
9781870
9783802
9785738
9787669
9789597
9791522
9793458
9795386
9797305
979824
9799208
9801115
9803038
9804976
9806914
9808841
9810772
9812679
9814593
9816531
981744
9818441
9820371
9822305
9824221
9826221
9828206
9830165
9832122
9834090
983469
9836020
9837927
9839938
9841954
9843846
9845838
9847798
9849776
9851736
9853697
985471
9855657
9857617
9859539
9861540
9863547
9865417
9867310
9869173
9871031
9873059
987383
9875088
9877116
9879151
9881179
9883208
9885154
9887060
9888635
9890644
9892585
989304
9894647
9896534
9898528
9900420
9902422
9904317
9906210
990743
9908105
9910111
9911662
9913563
9915483
9917386
99179
9919968
992189
9921953
9923999
9925952
9928280
9930191
9932224
9934229
9936070
9936858
9938803
9940748
9942693
994309
9944639
9946584
9948529
9950532
9952220
9954103
9956004
9957892
995851
9959826
9961761
9963678
9965667
9967651
9969664
9971495
9973092
997477
9974985
9976895
9978804
9980793
9982229
9984227
9986076
9988026
9989771
9991739
9993650
999411
9995559
9997423
9999350
