1936387
2571010
2992245
4096345
1694969
2222430
1908256
5751492
1545895
1751377
2178400
3179361
2088737
2957635
4274642
1738505
1669696
1584804
2694756
1661137
2225959
1767403
3544738
2575032
1879471
1667163
1826402
1813393
1804962
2009313
2478095
1570485
1789046
2121076
1853160
1720048
1569500
1772694
2542943
1297538
2077567
1847607
1645259
1744193
1590757
1769823
1365223
2922917
3692576
2045438
2736272
2608832
2692402
2586647
2702058
2854410
1845800
3116795
3332349
1507251
2937203
2748637
1761737
2668974
1563423
5440782
2196266
1773136
4443643
1486778
4012900
2012424
2749696
3179916
2668776
1739912
1316595
1328194
1580347
1496453
1639134
2843290
2374137
2973010
2064237
2086428
1727775
1704865
1935198
1243342
3944467
2680462
1677455
1314639
4284805
2522992
2655198
1782572
1797373
1791997
1794702
1713264
1952171
2008979
1965064
1973030
1889378
1886020
1910054
1992157
1972498
1978848
2011683
1975004
1869210
1818239
2298983
2583753
1936063
1901943
4873766
1564906
1768562
2406232
3592063
3026645
1840348
1861320
2137654
1854197
2546541
3146564
1716818
4355268
2138444
1607695
1746693
2011320
1843267
3890005
4381543
3788356
4354100
3162560
1384116
2467972
2571034
3260476
1855557
1572953
3200246
2807550
1818779
2645252
2680814
2635808
2680985
2601131
2608310
2664783
2589840
2694762
2637559
2215128
2378438
1841542
1319206
1764559
3383677
1736885
1356318
1950313
1909817
2474500
3793611
4492306
3167951
1639964
1690905
1666792
2684267
2833868
2789774
3904707
2620233
1546846
2045800
2820858
1437090
3744644
3223876
2714013
4314118
3441569
1650825
3476727
4225259
4280272
4338467
3418958
2991279
4052020
3649177
3952083
4057202
3619007
3998686
3598159
3609421
3682666
3449645
4199493
3697838
3586955
3108461
3382448
3645186
3307230
3037471
4384402
3895148
4309063
3774867
4023548
4190707
4588520
4926733
1615991
4405164
3894540
3866639
3306010
3619596
3424955
3137642
3328771
3376034
4694809
3521868
4841406
3238424
4618250
4404084
4159515
4634931
3915591
4264273
3693819
4416382
4495822
4111115
3460192
4404932
3923205
3825973
3368982
3812428
3928440
4416189
3688595
3423570
2223983
2176362
1207361
2465177
1249385
4317535
1686930
3605828
4934340
2076931
2431759
3255260
1998189
1931651
3591480
3797735
2164073
1702614
1750259
3906156
3755243
3146160
2628974
3637488
3667624
3675087
3151879
3901495
2221071
2796819
1306998
1957742
4131176
2083509
1976356
1595994
2912573
2038673
2454023
3197373
1762967
3895364
3178450
2542424
2527938
3282373
4131614
3926724
1711791
1511083
1636125
3893566
1859370
4223701
2954373
3774135
2316287
1607556
2955001
3852219
3677971
4064496
2490725
3365236
3392252
2767343
2189588
3451492
3764367
2449987
2508511
2126164
4350698
2785552
1488669
3430706
1232128
1754190
1920914
1718384
4225046
1858414
1749749
1731018
1713078
1747364
1620156
1803090
2206431
2727312
2727312
2727312
3127377
4563885
3130228
4553495
4137337
4907164
3914034
4574907
4211468
4487561
5017558
4941114
5427890
4096482
4066551
4142816
4154344
4166241
4139808
5018607
4560446
2394636
4067732
4072655
4061783
4164309
3981512
4013698
4129439
4121851
4003367
4048935
3971272
4072340
4084784
3988142
4091047
4232359
4080746
4187444
4081675
3841888
4077722
4198417
4091453
3906951
4079738
4083417
4074383
4069731
4102127
4077893
4075980
4078713
4042355
4028272
4157382
4159899
4010396
4109510
3959459
4123502
4093088
4005819
4120526
4125300
3482976
4091099
3090867
4053184
3967638
4044602
4079528
3997775
3870494
4006298
4076602
4063805
4085193
3977612
4081406
4079098
4076911
3971657
4085119
1611988
1770093
1194057
2209738
2488374
2427191
3918454
3247879
2191533
2191529
2191531
2191533
2191533
3970968
3566951
2835858
3283688
2253500
2972542
2279829
2686643
2214633
1591049
2519460
1742379
1747526
1819157
3991456
1746790
1731076
1778901
2023836
2052483
2388527
2494510
3227884
1621727
3830759
3901640
3929557
2543538
1723106
2220365
2217279
1394664
3977535
2337137
1961221
3012807
4184591
4359264
3130345
1383621
3325770
2273296
2221387
2214078
2271266
2221918
2219588
2220169
2223400
2221077
2221914
2217088
2221372
2217420
2265372
2221709
2220574
2220373
2219106
2217884
2219018
2203633
2213831
2222234
2255739
2238058
2185037
2187138
2251903
2186724
2219998
2239060
2223926
2220531
2241063
2198535
2222728
2216785
2241673
2178796
2208576
2240009
2179152
2234271
2216283
2239143
2197449
2201192
2713913
2223235
1977126
1896106
3980410
2446106
4896694
2606142
2140433
2608702
2414606
1928800
4331664
2260471
2688317
5192569
3329516
4275905
1809869
1556477
1712240
1729155
2022594
1972283
4580837
2989777
2085946
1989414
2022959
2574365
3980616
3835796
3778989
3465332
2445029
1549076
2349151
1826943
3603550
2687463
3307989
3145903
1513136
3930546
1360076
3914301
2042796
1854909
1421521
1430209
1920673
952257
1866819
1674122
1922418
1785673
2029167
1522818
2065932
1868990
2043143
1961979
3278551
3633750
2171591
2270336
2286708
2238200
2225849
3164721
1926146
3701974
4644842
2970568
3811009
3352421
3345771
3545284
2112399
3274699
3625505
3741543
3925464
3318983
3506649
3466370
1928201
5088600
3105937
3080199
3665422
3735583
4476324
5058058
3859961
3577969
2084275
1697207
1805545
2506225
2524329
2515817
4614977
3721706
3695310
1617394
4973118
1714918
3313120
1871939
1245544
1737606
1543150
2243115
1881477
3740734
3743701
1757809
2544115
2265309
2947244
1790060
1467867
1700631
2868093
3584929
3549098
3773640
3529327
4606068
3872704
1504113
4372177
3838095
4019651
3884197
3620173
4176203
3813557
3938222
4012076
4366214
1709364
2545538
2552411
3853425
3789323
1539049
3473342
4261339
3873359
2468382
3009688
4865221
4459149
3879374
4191453
3888545
3871390
3548073
3506786
4133138
3909350
4140427
3307149
4544431
3735525
4117004
3505900
3610003
3592761
1666764
3175875
3582278
2021537
1969036
2661022
2079136
1870534
5072893
3715387
1877925
4614480
2912150
4566486
2659140
2707507
2668974
2658139
2658139
2668974
2668974
3503092
3654689
2940320
1769550
2353189
4960430
3044466
3316667
4111827
3490924
3558779
2750372
1928720
3668425
3629282
4086895
3726301
1829190
3778909
3572369
3993819
3663083
4256545
2357249
1308147
1600996
1978025
1783113
3619661
5037071
4467346
2592212
3868565
4318267
3763700
3933944
4753187
3745222
2429680
4382412
3452056
3749890
3316057
4403890
4413083
3462656
3051700
2202576
2904418
4184924
4217270
3907473
3648916
3605305
3734375
3628710
3520643
3325689
3622604
3321212
3479272
5822419
3402804
3378175
3612853
4127022
3414481
4674473
3778093
4263024
2234010
4520784
2920174
1499620
2564231
2827477
4196788
1953566
4003226
3348449
3674912
3182860
3784342
2644479
2523371
2221317
4427796
1741029
5316806
2364912
2165038
1889914
4201486
2535282
2560765
3224396
4334589
3999003
4048546
3896891
3561692
3255273
3480702
3487106
4450731
4690830
2660501
2435049
2422009
3094203
1926104
4348483
2326940
2543529
2549580
3329031
2768215
3487106
3561692
3480702
2628395
2252027
1987069
2803915
2212444
2222414
3798625
2965017
3452035
4095662
2730868
3230170
3560302
4069707
2617656
3108395
4162025
3369022
3499479
3245913
3775753
4556507
3379638
3207930
3216677
2343264
3521828
1724502
2189363
1697935
3787729
3906684
3994321
3706982
4323149
4408556
4562990
1540195
1818645
4528563
4117004
3764446
4372177
4930832
3161493
4111827
2983094
2818554
1931684
2023001
2277370
2167521
2292008
2002356
1812151
1982688
2014437
2139369
2008408
1939848
2045593
1795455
2048798
2374878
1921837
1991402
1986786
1915262
4051622
2789526
3394272
3668694
4012717
3928501
2372968
1814146
2366205
5636884
3340250
1593902
4994572
4552005
2176897
2248716
2704953
3211682
3746575
3377131
4277959
4359796
4258755
1563356
1585110
2171418
1834835
1720730
2068580
4480147
5199031
3779651
1757782
2015530
1740485
1820380
1714694
1818213
1778715
1786741
1840346
2859524
2778202
1788667
1617209
1791993
2722575
2368961
1768263
1773056
1858738
3490400
3776777
3878884
1935722
2424395
1726561
3067430
3774717
2813544
3141185
3961398
4169965
3024665
3380345
2347010
1625846
1654216
1305106
3996244
1284168
4158049
2429154
2384613
3301211
2115826
989838
5087240
1733513
2530769
2326224
3588874
3823492
5166602
3367405
2034780
3122090
3080988
2468550
2815940
3098171
2662345
2438109
2752321
2116010
2347771
3122714
2541249
2907262
1899827
1856223
1794899
1752845
3227747
3226454
3229115
3229177
3227778
3227942
3229355
1969647
2859299
2168485
2036694
3034024
1938699
1878916
2469575
2649157
4641793
3284315
2945371
3332625
2217720
3914132
4027714
3261294
2716742
3768596
3770187
4009788
3896339
2026562
3754978
3424376
2776504
3782335
3735954
3136583
3284590
2065554
1864477
3889283
4869748
4269929
5180745
2952792
4852629
3958000
2313353
3030523
4187125
4495104
3529311
3184102
3723468
4249154
4566306
2122096
3105899
3160633
3616239
4108147
3099467
3207756
4283698
1598048
4671642
3830922
4208956
1552977
1972335
2088894
3176020
3477860
3666854
3524740
2155760
1940298
3164179
1577284
2123870
1720660
1722401
2836447
2500446
2323185
2482578
2341365
3362504
1712412
3948311
3424955
3991456
2620233
1931651
1767403
1727775
2083509
1666792
1926146
4288598
2343956
1989851
2022529
1814860
