1462386
4461770
2345240
4505295
2616066
2584409
1869991
6538743
1459905
2054050
2710703
3940328
2658159
4068177
6946837
1631935
2030448
1557789
1969028
1509669
1750643
1339364
4159236
2767240
2629081
1922168
2098377
2446448
2533695
2726327
4086040
1282272
1624285
2743269
1438715
1429698
1356019
1618629
3838784
1741918
1586844
2301635
1476344
1596884
1649322
2504198
1291053
4241294
6268137
2676601
2105080
2007235
2066899
1986505
2103686
2219035
1848098
5304479
5867079
1242099
2317303
2121601
1465258
2102129
1607197
9372189
2561433
1425518
7426001
1570277
6978966
2352935
4712988
4371146
4617912
1379713
1336745
988243
1319833
1796241
1902321
3700074
2154836
3134886
2176590
2819378
1348567
1332790
1887722
1069288
6434582
2026960
1400520
1510485
7318501
1947064
2040989
1387147
1400377
1400037
1396448
1330936
1478267
1520377
1487970
1494576
1420386
1416964
1435993
1496619
1484657
1487704
1510953
1485329
1405938
1413620
1989037
2318280
2792340
2359614
4953765
1880701
1769944
2331442
6025711
3967154
1525058
1869919
1635692
1613027
2304304
5301921
2113677
7626612
2219464
1350793
1580361
2799705
2222042
6495368
7733864
6512405
7460933
5560414
1288650
3275438
4010523
4019304
1542101
1356753
3489337
2925394
1613374
2026681
2074562
2026774
2074211
1999768
2004290
2042633
1988744
2071746
2025123
2378051
3003074
2424813
1222794
2357964
5869011
1768595
1667335
2688609
1870726
3982614
6556733
7624088
5653159
1481960
1467634
2548121
2451725
3565858
4392468
6458586
4098721
1147979
1433030
4300618
1744816
6511846
5625224
2970388
7515617
3034351
1490444
6168259
6999456
6965005
7659194
5939967
5137148
6713328
6425089
6648872
7096302
6379916
6989798
6363156
6380763
6380309
5974429
7190968
6314333
6345322
5520528
5925727
6338597
5865216
5473824
7687336
6817347
7075965
6563808
6908484
7206865
8000069
8350904
2560002
7108857
6441134
6741705
5864380
6325385
6120289
5634758
5905629
5985423
8360272
5877279
8455336
5663385
7773142
7465493
7011886
7737867
6722428
7306301
6345172
7669618
7709545
6804965
5841050
7118166
6470062
6724789
5720350
6701928
6405019
7377672
6460624
6020861
1749288
1710745
913914
1891536
950442
7369201
1451372
6297452
8367653
2344776
4239742
5849221
1397036
2008405
6226415
6555804
2402905
2416590
1974785
6971351
6599704
5326213
4630568
6062574
6363345
6725759
3333649
6511259
1510363
4699671
1228685
1948898
6933618
1473571
2635085
1948567
5052955
1313795
1886583
3502206
1963922
6442243
5289433
4126116
3604651
5753289
7179024
6413888
2314540
2225498
1853084
6837612
1875902
6961898
3984786
6566647
2849797
1280549
5330055
6595664
6300468
4468479
2076383
2746675
2762032
4861195
2171108
5958472
6307688
2443806
2823962
2769282
7599790
3649676
2027247
2756686
1076841
1975456
2478365
1347672
6993155
1681831
1582235
2025912
1515195
1586737
1784346
1547770
2910968
2149261
2149255
2149261
3334386
4707147
3344282
4712382
4566953
4989886
4341140
4643466
5254151
4563021
5742014
5671139
6159616
4490771
4476831
4544473
4552316
4567522
4587735
5422646
4582687
2796272
4475323
4482705
4462529
4561064
4388162
4428183
4521646
4518168
4414437
4448344
4386280
4477307
4486770
4385512
4498482
4607687
4485989
4604528
4487714
4382900
4480955
4612832
4494633
4439979
4602188
4615266
4607897
4601860
4510068
4478671
4480151
4484443
4449135
4429541
4557212
4557854
4409824
4501286
4353926
4510664
4493940
4412364
4505551
4521985
3847044
4487698
3391895
4451694
4379425
4448507
4480079
4394869
4410941
4404852
4484480
4467531
4488614
4378880
4480898
4477904
4481345
4371347
4491033
1714511
2399124
1364584
3787446
4126329
2452489
6887993
5697229
2172977
2172936
2172877
2172875
2172867
6567315
6262483
5092087
3515683
3854347
5304535
1575725
3784890
1843259
1945297
2327842
2488883
1590976
1773845
7022028
1582592
1566081
1592998
2319164
2704045
2532577
2475266
5767326
2333410
6399238
6816292
6762223
2090586
2742378
1747461
1749097
1337172
6890019
3134528
2205963
5288935
6925782
7086949
5484408
1134844
5942290
1973868
1748314
1743473
1790536
1748189
1746674
1747432
1751413
1747151
1749407
1745438
1747997
1745833
1786511
1748162
1747743
1747917
1746622
1745954
1746874
1738790
1745922
1752954
1781106
1767323
1722314
1723837
1777973
1723438
1750784
1764810
1753889
1747996
1765504
1736264
1749997
1748733
1769497
1719826
1744403
1768500
1720408
1761402
1748392
1764320
1736498
1439634
4395249
3477448
2021430
2386260
6515734
4023466
8199517
1765863
1508478
1727414
1629182
2397275
7129226
2028838
1963829
8605228
2722532
4328581
1401576
1182037
1334727
1281420
2033949
3395845
7672829
2397539
3577355
2302230
2357538
4503091
6949600
6490539
6624838
6127870
1668270
2299294
2259532
1784913
6242072
1952041
6025390
5669610
1604616
6845074
1118599
6463395
2335115
2546646
2055425
2052409
1248909
992863
2604335
2118134
2592199
2364690
2763298
2057668
2721946
2564996
2646202
2033347
5684668
6205939
1718430
1790532
1803960
1762498
1750499
3446653
1450366
6396815
7954633
5239556
6720444
5913335
5900353
6185935
3823621
5769796
6388676
6602272
6861897
5876153
6186697
2831562
1542376
5032540
5441921
5518838
6344686
4037864
7783265
8467303
6636111
6180930
2402956
1964912
1407283
2367527
2382475
2373789
8135280
6200768
6363280
1522630
8721889
1551015
5769496
2178227
1090409
1571273
1145268
2086655
1503940
4174897
4118931
1558190
2392216
1661259
2202999
2025440
1466717
1286194
2415856
6284262
6193426
6582705
6203492
7876770
6852641
1272002
7810349
6764084
7006031
6803687
6334263
7255113
6684219
6920188
6995189
7585861
1999034
2964898
2972449
6539041
6423504
1810041
6129238
7404199
6561215
4009882
4723328
8406924
7198158
6797257
6914218
6814127
6602158
6239018
6121952
6802611
6970210
7141257
5889450
7387848
6629202
7262021
6122346
5934987
6302454
2548059
5619010
6333599
2356028
2292694
4651403
2395456
2176449
8990745
6488067
1455967
8074676
4956948
7814074
2094935
2133080
2102161
2094211
2094211
2102161
2102161
6119363
5630428
3084106
1831088
2643643
8593508
5336228
5841453
6727847
5994377
3931682
4428576
2235140
6334555
6320596
7168677
6461075
2147240
6636683
5985967
6495236
6413565
6981973
3710049
1142396
1941779
2284444
2082159
6417200
8328142
8140061
2963333
6540750
7441220
6657438
7018854
8297856
6701371
4237328
7287088
5959624
6584804
5838901
7738253
7741695
5835785
5408120
2181282
4975486
6808788
7002943
6461471
6290958
6288636
6434667
6356368
6172463
5890651
6319793
5849529
6101180
10166253
5931206
5947718
6299060
4552609
5454443
7962104
6565374
7069197
3037378
7706142
3097862
1330276
4287101
4642273
7402631
1422847
7085239
5685096
6394320
5704596
6610757
2116443
4413899
1746587
3585378
2010204
9157659
4140310
2957695
1849912
7231294
2349107
2371461
2561994
7167655
6580101
6652435
6505314
6084772
5638380
5910130
5880474
7534845
8385666
4588421
4232031
4207850
5454195
2119491
7275790
1791796
1933256
1953165
5868440
4828740
5880474
6084772
5910130
4481744
1730464
1586064
2051702
1839992
1698995
6343005
5188887
6014303
7285726
4873811
5605220
6266329
7233266
4471140
5578006
7147519
6043556
6224211
5623985
6740315
7764683
5976602
5689448
2554183
2071637
6039830
1968389
2957818
1972139
6683478
6801563
6488919
6507432
4707216
7683098
7337117
1652200
1885249
7302867
7262017
6864162
7810349
8361504
5565954
6727847
5335360
4693610
2658966
2663063
2296613
2796625
2304142
2529833
2254427
1947520
2478157
2954794
2681312
2402522
2515568
2296546
2620083
3194796
2560756
2736424
2641816
2752483
7088067
2036369
6006266
6446885
6566008
6514356
2258109
1777249
1798813
6091160
5956057
2436228
8770605
7994604
2058583
3625343
3164695
5562489
6643909
5892877
7607031
7307241
7673367
1326479
1332769
1887344
2022902
1456474
2676050
7973829
9146663
6482438
1602212
1817354
1569818
1639402
1556814
1637642
1604461
1609980
1665694
4769615
4866568
1543139
1423133
1619851
1972648
4151838
1600201
1598926
1671541
6134690
6629065
6803391
2336333
2238182
2427852
5330740
6172332
5018470
5517770
6891691
6771411
5331777
5921552
2632635
1972635
1927555
1345146
7011584
1185560
7524056
1850281
1817653
5899676
2622542
1244894
8747106
1573937
4423758
4085725
6291560
6711755
8985556
5954278
2606390
3293816
5502376
2274008
5023044
5326520
4148863
3997817
4824232
2452576
2272380
5470463
2966263
4561828
1416653
1375056
1332128
1588737
5651104
5649802
5653239
5653619
5650734
5651572
5653405
2041700
4482470
2318531
2530770
2382554
1837742
1777728
2398979
4334054
8032900
5480960
3123736
5926376
3468389
6441941
6991287
5802786
2438561
6732284
6573431
6964845
6420980
2361195
6461301
5927166
4815749
6386759
6561785
5399669
5222643
2721414
1454043
6600259
8258989
7467624
8753736
5303888
8530767
6523417
2676839
5459373
7547865
7934918
6251691
5675205
6404285
7494101
7748259
1381674
3452160
5563696
6455925
6890607
3311561
5789493
7318463
1616659
7458980
6483698
7006231
1447126
1975626
2407120
5627665
5785722
6344462
4025297
2871510
2241774
5543048
1488071
1498226
1339610
1341350
2293771
2815195
2686493
2805382
2690294
5591625
1333445
6573064
6120289
7022028
4098721
2008405
1339364
1348567
1469128
2548121
1450366
7472896
2950908
2226511
2734543
2032101
