18816
52388
356528
13712
14033
16846
15101
531418
17137
55324
17053
17165
16925
15683
15735
15682
15678
377076
465490
368707
97149
16843
47579
38162
16206
16843
17827
16395
16584
18395
17885
16748
16080
15761
17160
15131
17384
15594
17495
17659
15798
16532
16033
304650
26315
73068
74470
105833
16998
18108
16953
666844
16829
11356
269185
15632
16841
17195
16835
17059
16761
16913
16902
16528
16735
16735
15693
16725
15478
16827
16999
16783
22434
14167
16946
2024663
482113
13815
560711
1852272
17011
16009
46180
16158
35684
106111
106164
106013
105723
106001
106041
15789
17171
49228
44496
17538
16794
16770
15544
14953
18514
15024
17057
17074
17109
16982
17045
16916
17119
17415
17404
16796
16617
13927
16339
16862
17071
16859
16502
16977
16091
17716
15579
14961
15288
15549
14697
16804
17774
16307
16858
16856
16859
16855
16791
17548
16855
16780
17342
14950
16824
16831
17427
43920
72100
65669
65627
78433
69972
15848
687196
105979
77902
25361
25329
243086
51864
25579
70463
25328
16461
25366
25329
25313
25307
25326
25325
15371
104452
49351
16969
16181
17452
17422
15900
15619
16987
14036
13944
16885
16867
15983
16861
16882
16826
16865
16847
16846
16868
16878
16871
17051
17523
16861
16885
16873
16743
17036
16876
16869
16878
16875
16886
16904
16885
16812
16837
16890
16860
16844
16843
16846
16875
16841
15716
16878
16807
16867
16863
16865
16858
16872
16885
16924
16850
16899
16891
16891
16884
16972
16995
16985
16990
16874
16999
16878
17049
16931
16929
16881
16891
16973
16837
16803
16842
16861
16850
17096
16863
16821
16841
16871
16845
16859
16880
16864
16868
16846
19213
16853
16871
16850
16872
16895
16836
16866
16889
16871
16845
16868
17065
16873
16875
16874
16877
16983
16878
16855
16869
16878
17124
17566
16869
17297
16890
16870
16841
16954
16858
16841
16869
16866
16886
16835
17296
16870
16845
16862
16852
17255
16867
17268
16832
16781
17026
16902
16857
16852
16856
16849
16849
16814
16845
16798
51151
16778
60370
25744
25716
13995
15376
20738
16517
16868
16922
16891
16542
17003
19403
16998
15523
16954
15922
17006
17122
15901
16348
16364
16223
16887
16008
17232
15718
16701
17070
16856
17766
17467
16580
19861
17431
14603
17408
17368
17355
17354
17479
17368
17311
15238
16042
16772
17355
62728
22239
38365
24737
50184
49756
85759
89927
14672
17614
38305
36173
28518
19931
15578
15876
15079
16785
14246
16775
16799
17319
15447
15351
15439
15428
18116
15174
18266
16814
16236
16965
13643
20688
18833
14047
17094
16880
16352
15731
16027
14396
16822
16865
16508
17459
17636
17175
16548
15987
15383
16897
16888
16886
16881
16880
16876
14145
16850
16853
16198
14086
16732
16658
15893
17078
15803
19363
19985
16026
19258
15028
15710
17734
13321
15851
16846
16868
16332
17778
16739
18365
17134
20567
16732
14445
15262
35250
35246
35261
73621
16809
26457
501759
16578
15159
15213
40141
154086
16752
109141
16972
15549
23251
15651
16519
16841
15992
16833
16224
16974
15888
16825
16827
17234
19149
17022
15892
16308
16995
16245
15624
16139
16879
15918
16844
16559
14618
16022
16861
18190
15694
18943
17131
17535
15549
16834
17025
17094
17094
17088
16856
16886
15965
15989
15973
16975
15994
17074
16076
15634
16808
16850
16870
16816
16784
16809
16809
16822
16888
16799
15766
18407
16837
17762
17249
14637
17233
16866
16773
15458
17087
16771
17673
14723
15606
16590
16540
16068
16492
16618
16018
17013
15973
14671
16025
15919
15477
16805
16892
16809
90264
14656
193292
14700
126041
14741
73955
15313
15272
26902
31346
6384
38239
32673
14783
16866
14570
14695
16843
16857
16901
15214
16510
15969
13766
13004
12856
20408
12723
15667
16607
15898
16802
16818
16791
16775
16973
15394
15402
15443
15409
21777
14665
17065
16894
16081
16143
16878
92042
16962
17210
17178
17078
16880
16950
17272
16332
16877
16983
17083
16998
16926
16989
16973
16870
16992
17190
17259
16877
16991
16975
16977
16978
16974
17205
16926
17083
16995
16861
17119
16987
16934
16930
16935
16927
16903
16994
16894
17175
16890
16842
16791
16864
16871
16831
16860
16859
16854
16955
16944
14800
16874
16890
16753
16891
16881
16881
17125
16467
14724
15023
16848
17087
17178
16061
16897
16380
16388
15901
14861
15654
16524
16078
16117
15568
16373
16213
15953
16014
16992
16772
16968
16364
16754
14849
14383
14868
15388
15287
15204
15202
16721
15205
15195
15207
15209
15207
15200
15201
15206
15205
15204
15163
16817
15209
15199
15206
15202
15205
15204
15198
15205
15204
15208
15200
16949
15198
15211
15188
15107
15203
15204
15196
15202
15203
15208
15208
15205
16855
15200
15203
15204
15194
15153
15206
15202
15204
15206
15170
15213
15616
15204
15211
15202
15141
15211
15207
15156
15200
15208
15200
16856
15206
15210
15204
15187
15204
15204
15202
15207
15207
15208
15202
16372
15206
15202
15206
15160
15205
15206
15202
15202
15202
15209
15202
16885
15205
15207
15147
15205
15203
15209
15201
15209
15204
15207
15202
16022
15203
15200
15150
15213
15167
15149
15204
15203
15204
15208
15204
17373
15026
15194
15163
15165
15199
15206
15200
15202
15207
15153
15207
15872
15204
15201
15209
15206
15203
15208
15204
15204
15204
15097
17005
15206
15205
15207
15202
15204
15208
15208
15163
15202
13886
17429
17255
15835
15731
15507
15469
15452
15436
16682
17074
14337
16629
75000
16880
64364
35395
15960
281281
16076
17070
16560
16573
15929
16860
16599
16841
17217
16036
15895
16580
16695
16730
15858
17136
15698
15492
17048
16890
17278
16574
16245
13969
16627
16079
14216
17123
16956
17676
16608
15530
32448
15335
14947
17111
19618
17135
16658
17175
16609
16616
16660
17039
15520
19040
17010
16805
14241
16300
16693
16788
17078
16792
16799
16776
16858
17012
18168
17237
17126
16792
16895
16867
16631
16766
17180
16769
16922
18167
15602
15506
15070
18159
26126
85422
16711
28819
159577
17971
36933
40166
76743
15845
15793
16398
10759
15795
18583
16634
16812
16862
16916
16539
16970
17186
15169
16778
16782
16576
15429
15475
16719
17158
17382
16925
17094
16805
15976
16032
16802
15595
15744
14054
17453
17169
16755
17040
17212
17370
17291
17077
17054
17349
17206
17233
18035
17373
17345
17230
17057
17232
17473
17069
17074
17131
17331
17313
19212
17343
15714
17173
16882
16855
17009
18982
19248
16758
15762
16976
37991
15450
16844
18550
17115
15960
15998
15978
15982
17275
17247
16948
16832
17551
16905
14297
15089
16983
14926
16874
16836
13991
16585
17428
15972
18866
15663
105712
122509
15996
17147
38873
15968
15117
868017
14573
16963
16830
16869
16883
16449
696139
16686
15857
16811
15699
652430
16882
16870
16846
16711
652579
16179
25654
15423
17119
17021
13634
789166
14649
17005
16871
16886
17141
25757
130543
17074
16884
16094
15870
15977
17032
16442
16311
16382
16032
16826
16293
16848
16286
17036
18294
16890
16867
16871
14651
16799
16433
16559
16880
16699
17132
16218
16135
16251
16886
16960
15203
16893
19024
16888
17153
18551
18276
15548
18346
16623
16658
16938
16817
16817
17939
14093
14082
14078
16635
16185
16975
17690
16767
17106
17136
17097
16451
17330
29977
106819
32640
17014
8941
4472
1156
1218
7147
18556
14853
47169
353513
16970
16976
193948
14069
16754
25461
27209
17201
16772
13898
16862
16849
16878
16717
19281
17275
17953
17111
17893
34442
49653
16868
577103
16829
16493
17055
32508
333796
17153
16663
338188
16877
17000
69853
16838
17278
70257
38099
39438
17942
43082
15861
16382
15971
15534
13848
14458
14494
13833
13961
16819
13899
13945
14031
13875
14488
13894
14435
17220
15784
15642
15872
17025
18053
16816
16823
16546
16436
15560
16316
16420
16120
15862
19159
16461
15559
16048
16058
16188
16703
16076
16051
16268
16087
16020
16157
15312
15572
16147
16076
16245
16949
16197
17722
16661
17662
16858
49138
16864
16686
17498
16771
14214
14775
15541
14356
14323
17004
16889
17031
14290
16285
16806
16597
16065
16024
16616
15143
17581
16390
16369
17123
16935
16943
17134
17011
16952
16935
17009
16965
17108
16977
17083
14734
16946
16685
16661
16841
21301
16958
21167
17362
16866
16923
16756
16928
16884
16967
16783
14552
17099
17027
17121
17117
16913
16728
17059
17207
16863
16566
16911
15445
17016
16783
17096
16945
17049
16596
18203
15900
16474
16832
17195
16912
17154
14254
15393
16540
16883
17355
17503
17502
16934
16861
19026
19991
19460
19478
19622
19461
19145
16365
19024
17079
16423
16043
16545
16238
15916
16708
15953
16981
16370
16942
16060
15224
16707
16681
17318
17315
16967
16929
17300
16443
16119
18179
17129
16750
17047
16901
17007
17368
19298
16548
39500
83456
72498
16358
25331
17635
13997
64917
1265281
16275
17313
16457
16307
16366
17045
16980
16977
469653
16654
19120
16854
451926
15174
16924
16913
15944
165166
17120
161112
17281
164048
164266
16737
19068
16944
17133
16860
16855
16859
16857
16216
15602
15517
15435
16874
16303
16479
16609
46970
14055
15630
16735
18035
18907
17079
19177
20263
18352
16865
16323
16699
16585
16425
16882
16960
16797
16777
16603
16250
16608
16517
16772
16204
17146
16867
17659
16861
15382
15481
15407
16969
17199
18119
13968
16848
16951
15692
16406
16628
16693
16880
16871
16872
14969
16372
16905
458268
16879
16339
15671
16831
16957
17126
41037
17434
16803
69053
23946
76946
16859
39011
48197
16953
16954
16616
18024
17231
17715
15949
15975
16185
16267
16015
15209
16668
16792
18377
16697
14974
17491
17733
17452
17298
15858
15898
15891
16806
15688
22057
17054
17417
18729
16770
15193
16376
15884
15922
33223
63946
16701
17211
33136
37722
37223
6108
428978
16980
16970
25315
16790
16843
16775
16792
16789
14974
15548
17200
14221
15614
16796
16809
43359
16831
16826
16818
16783
16786
25602
16895
16770
17502
16114
20375
66418
16812
16816
16831
59946
17039
47694
16795
16958
137563
16895
35574
25656
25710
16780
16445
16055
15659
16430
15786
16351
15415
16021
15561
17120
15388
17386
17520
15361
18269
16913
16393
16387
18893
16143
17177
17340
17288
17357
17622
19103
16798
17712
19210
17208
16957
17173
16187
15606
16638
15620
17611
16767
16889
14909
17276
17310
17329
17340
17348
17342
17546
17567
18027
17268
17293
17377
17360
17720
17402
17451
16575
17142
17080
48041
15466
15460
15460
16131
16932
16890
17024
16782
15699
18576
15984
15388
16389
16392
15946
15829
15603
16499
17122
15159
16699
16788
16799
16802
16947
17113
17148
17114
17137
15383
17115
17110
17112
17130
17111
17114
17115
17116
17112
17627
14132
16381
14540
16665
16606
17143
16732
16849
15012
14151
15180
16194
15243
16860
16861
18809
24724
33795
35231
16769
47088
29574
28962
46796
16848
16177
16619
14570
399335
15881
15892
652513
16197
16779
16780
16746
16801
53458
14721
189006
14675
16149
16118
54548
74524
14654
32667
41508
37995
14708
39136
304769
16117
15810
16850
15714
17643
15539
15635
17356
16968
16801
16831
16563
16566
15407
16443
15580
16565
15735
16477
15869
16970
17249
17612
17064
17705
17647
18042
16825
14524
14069
15403
16784
17010
16976
16868
16891
17129
15525
16803
17056
16794
16804
16378
16798
16588
16582
16582
16584
16582
16585
16578
16564
16574
16119
16068
16125
16061
16892
16847
16273
16869
15822
15393
26173
17183
24377
101665
61523
15278
74793
144362
18076
16822
16918
16841
16864
15545
16813
18179
17406
16812
17243
15544
15487
15376
15427
19846
16696
16988
16545
30452
14561
15375
15374
16632
15845
14186
16741
13919
18056
15717
16482
16638
15399
17010
17004
16944
16994
16797
16917
17008
17296
16945
16933
16937
16030
16918
16919
15649
16369
16793
16755
17056
16816
17236
16924
16830
16835
327257
16614
16885
14122
14856
16780
15761
16727
15540
16044
17175
16999
16254
16083
16169
50047
76452
16989
16088
59849
16766
14748
17054
16552
43705
16910
16674
16893
14386
16871
17602
14200
14193
16783
14226
14191
14283
14279
14279
16541
18072
18042
15562
16315
13595
16791
16342
16134
16327
16166
16143
16139
17218
16874
20636
17322
16776
17643
17471
17343
15321
15844
15848
15849
15839
19156
16039
16814
15947
16229
16537
15550
17254
16975
14522
17117
14513
16930
16796
14841
16878
16191
16615
15478
16936
16364
16241
14936
17899
18324
16917
16593
16270
16981
16944
17020
449033
16994
17017
17017
16970
16787
17252
16955
16742
16767
16781
16061
17059
17279
16139
17490
15437
16837
20421
19850
16730
16545
16857
15683
17155
16784
17300
16031
16874
16850
16659
16446
15939
15735
15870
15806
16294
15725
15417
16830
18256
17892
17001
15524
14851
15083
15135
16067
15414
15584
16875
16833
16854
16844
16030
19172
21705
15601
44069
38720
17273
47366
62405
48918
17065
40035
648978
16810
16882
16799
16759
624972
16860
16780
17640
245505
17223
15270
188636
14722
6119
24031
18181
17054
16829
15830
17159
17028
17991
17665
16772
16777
16792
16775
16838
15795
21046
15802
15794
15565
15802
15807
15256
17053
16869
16174
16080
18925
16790
15551
16655
15507
18159
16988
17202
16631
16883
14972
15582
16174
15871
16922
16753
16861
16233
17441
16733
14674
16943
17217
14195
19837
9222
15430
16802
15448
17294
16794
15611
16773
18186
67643
45281
33249
36765
16803
51830
74566
81826
14727
70352
68591
17529
59378
56768
30439
49181
29705
26092
26121
26212
26129
93729
89366
17980
126213
16974
38342
48729
41013
74607
16866
36552
16862
16848
16859
16857
16862
16837
69834
16860
79684
16909
17031
15976
16268
16026
16993
16845
17147
16756
16148
15473
16971
17012
17209
17209
17208
17210
17027
17036
17038
17037
17036
16711
15617
94707
20069
24102
22402
16685
16970
50230
16321
16136
16203
16219
15654
17041
17103
15484
15596
15950
15691
15568
16163
15676
15941
15483
15826
15968
15917
16004
16745
15902
17148
16954
16940
16780
16415
16923
17947
13982
15658
69656
16869
16900
16840
16828
16929
16955
15968
15655
15660
15722
15690
15673
15689
15651
15702
15652
16059
15839
15690
15662
15678
15656
15735
15728
15655
15715
15658
15676
15658
15850
15660
15741
15847
15729
15692
15656
15804
15697
15701
15869
15610
15718
15846
15842
16784
15677
15838
16327
15775
15852
15878
15734
15906
15509
14953
17203
15976
14879
17069
17104
16677
21348
15717
17450
17555
17390
17146
16569
16891
17277
15386
15248
15364
15149
15016
15055
15289
15067
16490
15260
14453
14754
16897
16773
15452
16529
17274
15608
15636
16393
16904
16624
17815
17507
16868
16861
16859
16188
16967
16733
16460
17192
16490
15513
15279
17199
17209
17037
17038
17039
17200
17207
238879
17008
14514
17550
16787
16363
19146
16931
21337
16699
17184
16512
17076
14703
16957
16336
18969
17229
16992
15730
16110
14756
14711
15323
16170
16639
18301
14503
16840
15424
16009
15564
15871
16122
15873
16786
15769
16884
16953
16898
15882
15456
16853
15700
16833
16816
16786
601877
573727
38988
54634
61668
73117
26211
28315
35265
14487
13862
13908
13913
17976
16873
15870
16089
15996
16139
16223
14077
14759
16140
15362
15504
15979
15935
15695
15915
16860
16540
15631
16007
16038
15950
15308
15496
15230
15606
15896
15434
16694
16115
16810
16889
15979
17001
15435
15044
15459
15586
15077
16669
15418
15329
15215
16315
15166
17058
15195
15207
15006
15133
15540
16696
16843
17500
15494
15955
15440
15632
47458
26214
38221
74662
49218
211713
452758
45095
51341
44098
6421
576816
18235
15643
25730
16696
16688
45963
26437
25987
26271
26318
15251
27149
26409
25732
77359
16057
40404
17491
15853
17200
16957
16129
16173
70518
16295
16336
15593
17096
17157
17166
17047
16857
16565
15918
15784
16554
15857
16327
15830
15657
15656
16109
16143
15300
16658
17826
18316
17202
14723
17392
14137
15445
15631
18243
16255
15137
19013
19256
19040
17158
16784
13824
13824
17032
16639
18671
17661
16286
17075
17616
17101
17067
16838
16817
17122
16946
15855
15926
17010
15888
16490
15667
16258
15933
18207
17011
16951
16936
15498
16809
15502
15505
15492
15506
15505
15515
15478
15510
15505
15501
16855
17106
19410
16935
16959
18087
16857
16193
16197
18095
17714
15617
17251
15554
15540
16179
16188
16171
16176
17644
16195
16795
15985
17252
17039
15621
16292
16935
16649
16854
507730
17243
16995
15213
17406
16066
16376
80828
16792
51408
106427
17372
105603
153944
17266
418763
16771
17611
16773
372485
15476
15637
25272
26258
25461
16880
25542
43949
202985
16971
101100
18160
128457
65987
14654
39269
16017
15116
14948
16776
16811
16800
16904
17125
16187
16835
15407
18123
15620
15483
16971
15583
16806
15663
16039
16251
15893
17064
15363
17337
16944
17118
15619
15806
15801
16795
16764
14171
16745
16725
15582
17184
15916
17046
13856
13921
15459
18166
16213
15857
15795
15527
15424
16923
18028
15525
15526
17324
527373
19022
16817
16887
56543
491065
16698
16843
16843
62141
6040
60718
16979
731099
16734
16788
16885
17114
6319
1205999
17452
16703
17131
16740
15991
17531
17036
26836
214871
15284
15310
213706
16550
407634
18924
17329
116331
16120
102885
16965
481409
18041
16940
18075
50746
53856
16783
16399
15128
14663
13874
17135
16229
16745
17388
17460
17039
15614
17435
17889
17128
17080
16840
17133
16914
17123
16933
17028
16929
17485
16886
15044
17070
17358
16003
16814
16766
17237
15279
16986
15739
16885
15758
15693
16467
16767
17027
17238
16045
15526
15823
16088
16267
15651
14075
15348
17979
18537
17924
16872
18508
16107
14861
15233
16287
16144
16403
16861
17034
18355
16575
16006
14508
16946
16227
14675
15055
15533
15544
15539
15465
16890
16411
16799
16813
15290
16788
16970
16822
16400
15952
15701
15314
17907
15367
15600
17158
16600
17843
16638
17088
21267
15666
16870
25623
17074
16370
16002
16159
17189
17216
17270
13925
15990
14892
17642
17088
17253
16842
16768
16909
17743
15630
15987
15450
15029
14719
14655
14694
14675
16901
15645
15685
16712
17743
16966
16220
16227
15375
14689
15620
15566
15507
15560
15474
16680
15449
15943
15445
15399
15482
15493
15551
15367
15487
15507
15294
15454
15448
15546
15465
15472
15487
15704
15457
15498
15635
16224
15529
15498
15454
15483
15774
17020
17136
17116
17081
17107
158373
16944
16813
16815
16811
113547
28688
26446
80530
99845
484862
164674
25445
25455
65020
63375
31686
16503
16718
15864
15558
21080
15682
15827
16176
18267
18131
15967
16041
15477
16455
16286
16493
16445
15499
17182
15547
15605
15897
16867
18949
17890
17242
17653
15679
17107
17061
15281
15941
15290
21177
16202
16060
16682
16256
18459
18202
15507
16591
16240
16236
19343
18701
16754
16653
18416
16217
17828
16254
17277
19287
17146
19881
17997
39854
14850
15499
68012
16089
18330
38967
83882
15971
18590
16639
16646
13989
15769
15815
17228
16629
16847
16987
38229
17100
16618
63351
17087
17048
18442
18370
16843
16887
17214
16984
16204
16148
15198
15101
14982
16634
16819
16760
17043
33165
54197
54118
15014
25356
527260
18049
18029
17208
706925
17331
35534
39875
16560
15288
15958
18055
15517
17325
16942
17855
17154
17064
15601
16625
17085
16582
15908
16899
16861
17135
18102
16978
18729
17426
63317
848960
23857
33716
555525
319004
366655
16491
18021
115706
17282
17263
162689
195679
15021
17240
17456
15191
15252
15878
15494
15516
16355
14938
15383
15469
15497
16442
15611
15488
14368
17082
17024
16715
16934
16631
15749
16054
15830
16344
17142
17084
15933
15964
15838
16562
17185
14584
17123
15569
17704
15648
18161
16638
16256
16799
17224
17494
15640
16050
17064
16043
17848
15967
16090
15793
16118
17774
15509
17338
14814
16106
16601
17350
15971
17052
16888
17535
16832
14512
17169
15623
16415
16180
16040
17293
15492
15451
16817
16563
17341
17249
16766
16778
16804
16813
16788
16725
16722
16735
16736
16795
16893
16760
16664
15546
16259
18947
15589
15530
54626
25299
181386
29574
193504
57365
35512
431908
43221
147995
26360
40124
16046
6171
16377
18113
17036
15449
15821
16801
16804
16630
16825
17343
17522
15579
15600
15579
15492
23841
17135
17933
17425
17361
16925
16772
14697
14696
14693
14973
15131
14715
14713
16747
17072
17089
17088
17099
17093
17097
17096
17096
17099
17097
17087
15896
16926
16849
16907
16899
16927
16921
275058
26784
57363
32842
85238
104102
409039
104922
117953
123760
14329
14002
16167
15489
16102
15850
15718
15303
17129
14107
16273
16299
16821
16901
17129
16915
17314
17337
16340
17159
16752
16812
15134
15100
15861
16703
16847
16842
16775
16675
15686
15690
15808
16608
16614
16322
16995
14066
17161
16709
16746
16952
16780
16955
20632
16817
16781
22838
73767
367931
37933
372948
50395
16192
39645
38447
42465
38322
16804
16494
16123
15373
16407
38144
39307
36072
41022
36576
50450
37903
67604
78138
367942
1115609
17134
17214
17750
94688
116429
19001
66036
96557
16441
47212
180308
16967
24190
128160
17695
228529
16854
291059
20348
16960
26301
188444
16892
16781
16701
15843
16003
16798
16623
15470
16626
16418
15771
16082
16611
17163
16953
17204
16810
15438
16003
15531
15573
17047
16349
15522
16092
16866
16793
14480
17629
16611
16961
16986
17096
17099
15974
15386
17211
15731
15743
14302
16557
16663
18689
17265
17450
15653
15730
15719
15098
14357
16245
16671
17245
15450
17418
16068
16440
16841
15114
15361
15106
15447
16801
16039
18087
20217
15183
15427
16965
16985
16002
16213
16206
16157
18313
16931
16675
16005
15867
16700
17221
16498
16168
16093
16182
15033
16199
15632
16123
16627
14678
16736
14845
14871
16500
16139
17601
17334
14930
15869
14010
16094
16872
16032
16245
16070
16530
16764
16928
16498
16567
15835
15373
177480
16023
15472
174102
15496
176694
15529
188002
15636
181869
17038
15539
181384
15520
158071
15512
32490
15584
27911
16419
15533
16415
19063
15027
14877
284720
15389
15876
18934
19021
18402
15591
19267
16318
15566
15308
15427
15541
15678
14456
17596
15618
16961
16018
16110
17176
16104
16410
16125
16169
16950
16822
15499
16768
17006
16818
15828
15029
16870
16964
15766
16925
15407
17034
17381
16869
15512
16784
17005
16889
15617
17242
16987
15519
16983
20288
15835
37638
18398
17044
14073
16797
15627
16947
16865
16376
17589
16731
16865
78948
15628
94545
75102
15442
693486
15471
15475
15889
15453
17145
16851
26025
15398
6541
31140
64462
36803
408817
15581
15515
15504
14194
16875
16865
16750
16879
15427
19502
19213
14474
18314
19158
19036
19297
19056
19251
15491
19095
15753
15951
15386
17068
16851
14477
14329
16787
16894
17687
16412
17041
16292
16317
17572
16454
17408
16164
17868
16877
16547
15898
16522
15300
13998
16785
16794
16789
16782
16786
16784
15575
16790
16812
16789
16789
18157
16791
16796
16793
16790
17385
16781
16786
16787
16783
19177
16871
17429
17163
18588
15915
15467
17048
16141
14384
16948
17323
15591
15433
16969
15930
16886
16124
16169
17107
16462
17156
16296
16196
16932
17836
16733
16765
14261
16462
17527
16729
16039
16776
16778
16604
17034
17931
16237
16772
16785
16776
16186
16481
16621
17039
38208
19040
16769
17041
16731
16615
15677
17203
16917
16875
16928
17467
16093
14968
16871
16104
16681
21008
43407
126247
16065
146863
16692
116557
46259
15919
59789
58533
120676
16046
394654
15379
17098
17644
42720
29748
15038
17946
16168
18797
15401
17617
15896
16071
15907
16844
17455
16753
16807
16745
16779
16826
16844
2719
16821
16728
1411
15718
16760
16863
18907
16905
16811
16833
17020
16792
16836
20131
35101
16816
16761
17232
17311
17859
16882
16775
16811
16816
16801
16817
17850
16774
17501
17523
16797
15588
16925
24688
16189
17260
35216
17242
18367
17839
17964
16689
104780
66564
13582
16929
17730
14057
15915
29666
17088
16990
16812
16952
16569
14316
15493
15653
15924
15614
15299
15557
15587
16311
15855
15680
13952
17106
16291
15790
17381
17382
17225
14270
14932
15816
15862
16333
15765
14837
35194
13759
15882
16276
15772
16737
15443
17564
17382
17996
17783
16747
16759
16773
16005
16042
15399
15583
15576
15592
17168
16086
53264
17291
16967
60463
15860
17005
15973
16135
15904
15999
15968
16022
15928
15273
19784
17193
17440
17025
15844
16153
16084
17382
15623
16898
16674
16492
16596
15372
16781
17124
14125
16469
17967
17205
16948
47830
17920
18245
18345
18272
17334
19028
16492
16135
16137
16897
16870
16796
17834
18014
18121
17488
18039
17887
17214
17008
17489
17819
18023
17275
17109
17748
17166
45820
17468
17068
16945
18131
17713
17510
17090
17779
17491
16061
17607
16888
18071
21012
16715
16860
16249
16771
17434
16846
16986
16911
17023
17660
14181
682645
38971
45487
614936
25550
38577
609157
50411
639051
43765
17070
39791
524048
17036
15948
15322
16884
40182
16946
788907
16880
16801
16796
17096
15502
15680
400523
16954
16864
691438
15467
16955
16798
17442
17062
16619
37693
17131
17239
16804
16795
18743
16804
16211
16686
16171
16881
16885
18153
16904
15237
16791
16501
17237
16217
18495
16789
15653
15967
20445
17460
16527
16601
16996
15595
15002
18507
18802
245134
17016
22594
17191
103915
53461
37866
16663
77785
63379
60500
15410
63072
102433
15407
17251
139207
17031
59844
39661
41641
18087
63698
440482
16945
16812
61824
16801
21831
7395
9163
35222
17337
17521
17249
18188
14891
14853
16813
15373
15405
15359
15375
16795
16824
15421
17467
14678
15008
16684
16561
16871
16816
17770
15923
18020
16780
16823
16876
16979
17694
17097
16916
17025
17028
61788
16815
244841
17402
16981
88646
80025
15523
275705
16878
17392
19424
15246
17559
18261
15892
16164
17221
16536
15496
17225
16891
15978
17570
15651
15592
16879
16461
15274
16979
19650
17006
18147
10677
17678
18751
16987
17046
16992
16996
16992
17312
17256
17956
17373
16868
18166
18318
17151
17764
17160
17088
17130
16819
15527
18149
17218
16667
15945
17322
17834
16111
9947
20131
16864
43032
17137
16877
17164
16773
17181
17156
15553
15983
16885
16156
37952
68301
43242
17293
199973
16818
17584
369826
15111
16873
132211
16826
16263
15940
15621
15612
16922
15631
16052
16693
16127
15621
12803
15940
21065
16805
19705
16925
15755
16776
16668
16940
16824
15804
15405
20492
15975
15528
15474
15506
17189
15952
15969
15725
15774
16639
16587
16871
19101
16868
16793
15714
16132
16797
16845
15698
16823
15785
19068
16758
17675
17045
15490
16764
16904
15602
16482
16669
16884
16142
17805
17808
17812
17791
17817
13730
17814
17807
16968
18640
17109
17071
16804
17367
15001
13956
14781
16726
14775
17194
15610
15563
15524
15653
15950
13979
15981
15983
17511
14789
16698
17445
17467
16704
16538
15533
15645
15757
15584
16216
16618
16541
15426
14542
14974
17399
17496
829
695
86927
81256
16964
37125
14197
19917
17264
15828
21015
18878
21430
16897
17501
24307
17704
15690
15472
18243
18253
17298
16919
16871
16981
16843
16851
16840
16853
16847
16848
15456
15473
17511
21530
16846
15747
19339
18111
16450
16579
16002
27060
81777
16837
50166
15525
16086
15431
15425
17045
16437
17773
15049
15591
15654
15596
15916
15888
15896
15875
15775
16185
15903
32534
16197
16205
16517
16522
15583
16160
16104
16715
16135
15306
16217
15903
15831
16194
16202
15828
15930
15925
16167
16133
16882
16533
16535
15904
15591
15707
16799
15583
16298
17427
16729
18191
13634
16664
15565
15572
15557
15553
15977
21994
21604
21480
17515
21530
17200
15945
15839
16290
18593
16941
17173
16872
16848
16857
15539
16859
19338
343659
16860
17199
16092
17107
20771
21833
16746
15381
16843
16760
104448
95506
17048
15425
14912
15541
15602
15849
15921
16538
15481
16849
15452
16190
15838
15900
15720
15871
15895
111993
16555
94401
15645
17048
16154
16792
15442
15470
15885
15642
15562
16436
131065
16953
645933
16930
16758
16975
16885
119393
16929
101183
27618
42084
16792
35222
25034
78201
70313
133673
16944
139564
16960
63376
26405
27947
16862
108224
15945
17182
16572
15918
17299
16143
17330
17225
18869
15586
15492
15495
15435
16889
16948
16947
16917
16951
16947
14117
15981
15702
15580
15613
15674
15765
15650
15644
15643
15703
15736
15663
15626
15825
15677
15818
14517
15672
15960
15352
16869
15331
15857
15850
16722
16844
13754
16798
16761
16843
15981
15043
17739
16876
17008
14005
17044
15418
16198
16441
17240
15544
17019
17985
15621
18039
15814
17333
16823
17244
15653
17377
18001
16171
16833
16920
15870
17174
15058
15135
15085
15517
17175
16147
17587
16949
16033
16935
16766
17185
17046
16986
17034
17044
16968
17042
17142
15556
17157
16829
16970
17029
16701
16889
16825
16921
17017
15600
16855
16779
17008
17016
16989
16993
17097
17001
16947
15638
17078
16929
17018
16969
17032
17064
17094
16845
16790
15535
15276
17200
16965
16097
17029
16947
16135
16707
16977
15370
16205
14084
16912
16407
16272
14950
15864
16881
16155
17265
16914
16139
16158
16875
15503
18014
19133
17697
20311
19133
19448
15251
15627
17609
17831
16754
17291
17011
17013
17177
16831
16705
15724
18165
16448
16139
16763
16929
15457
15487
16871
15630
13649
15868
16333
15409
15427
16949
16972
16476
16057
16540
15771
15980
15573
15214
15488
16638
15498
16414
16872
15391
15473
15706
15686
16772
15733
16805
16513
15862
18342
33253
16922
305659
14827
353147
16804
17005
17127
352137
14489
17317
298659
15430
17178
30588
16864
46605
19744
28453
16896
16970
46920
15675
120865
16884
76345
500612
17311
16912
16843
716347
18229
16797
15704
15626
16901
54854
15507
350757
17460
15592
230964
16762
230950
19355
488201
16902
16872
16783
16874
262175
16773
14771
24167
67689
517999
159580
979250
16796
16785
16629
31450
16365
15633
16378
16408
16439
14832
16977
17676
18155
15469
16994
15453
16786
18661
16708
16647
14117
14968
16137
18345
16629
15076
18883
17792
17663
14350
18928
19957
19503
18273
23613
23483
15579
15472
15946
17601
14810
15597
19024
16969
19684
16906
17059
17371
19597
16792
17349
16577
16600
16593
16595
13969
16097
20706
21288
17479
14308
15269
16291
15548
15772
16942
17096
16879
16799
16532
16538
16583
16531
16562
16532
16551
16591
17055
15973
16763
16505
16182
17392
16890
16911
16554
16390
16616
16898
17758
16466
17904
17246
15996
16023
16212
16601
16615
16876
16589
16938
222541
90320
50792
53274
15957
15493
16694
40470
15894
16830
21221
19775
16525
16960
17961
17022
17210
16984
16014
17432
14211
22339
16991
17004
16794
16266
16051
15801
15843
16021
17236
16612
16688
20795
16569
17471
17765
17252
16806
16808
16807
16805
16810
16812
16810
16793
16804
16816
16795
16806
16810
16801
16804
16813
16822
16810
16814
16808
16816
16818
16803
16794
16804
16323
16456
17397
15441
16236
16151
16284
15461
16156
16834
17072
72315
16868
35947
41610
15537
63482
56260
189912
117848
107159
488448
16805
16793
16863
573855
42272
17159
16872
425684
17066
16811
16807
114990
123097
16704
52498
80820
16967
80924
62280
16994
93507
77367
17072
106589
97883
16870
70179
82301
17072
82170
78922
16847
76445
15630
83247
16778
44179
14300
16950
16785
466149
17199
16882
16846
16795
16890
15372
14823
15996
17040
21169
16085
15005
15538
15619
16006
17285
15457
15360
17106
17024
16770
16669
16017
16838
16119
16130
15997
16036
16024
18421
15519
16992
15791
15395
15965
15588
15855
18403
18431
18300
17237
18369
16825
18323
18327
15989
18188
18359
18259
18436
15824
16612
16792
15502
15361
16812
16137
15810
15221
15631
17241
16767
15975
16605
16842
15184
15970
15603
15958
16181
16334
16225
16050
15678
16634
15634
16921
16663
15859
14628
14481
15320
17555
16922
16887
16879
16880
16751
16869
17287
35267
137456
16788
15540
18019
33960
134380
16801
49048
34025
24441
15963
57495
36115
94289
15915
100527
68222
16841
98647
36225
15610
161065
16958
689048
16873
16876
17481
16896
15631
511103
16876
35186
609711
16975
17152
17058
38204
16874
72719
16722
1276
28586
6164
15681
16885
15459
16550
16772
15460
15404
17053
17428
40220
17009
16596
16042
17104
26932
16739
19862
18564
16226
17172
15487
15444
15664
16626
16239
15487
16775
16075
14819
17018
15372
26563
18037
16809
15399
16938
15599
16712
17056
15540
16809
16858
17710
15856
16810
18395
16880
15812
17296
17741
17718
17093
17042
21358
18353
15619
18480
15665
15474
15499
15496
20639
15500
15481
15492
15497
15521
15500
15506
15521
15486
15083
17413
15686
15603
16744
17764
16060
15344
16136
15068
17254
16649
16452
16862
15558
15967
16877
16849
16665
17648
16625
17627
16145
16460
16462
16474
15824
16462
16430
16615
17212
16876
17414
17152
17237
17282
17173
17084
17206
17218
17221
17040
17125
17083
17469
17204
17110
17177
17074
17116
17046
17201
17103
17193
17386
17058
17083
17258
17141
15525
17223
17038
17073
17161
17188
17295
17099
17091
17179
16878
25414
41644
180646
15737
29261
277033
16887
16871
284635
15973
13911
32922
15621
43330
16736
17140
13803
18013
15935
16925
17187
17085
17194
17336
15424
15692
17080
16878
17504
17027
16543
16543
15921
15919
15920
15921
15923
14063
16722
17565
15900
17075
17115
16002
17097
17054
16788
15765
16895
17221
17622
15896
16207
15587
17010
16909
17816
16880
16814
17055
17130
16872
15763
16827
17172
17169
16539
15682
32298
15867
18797
17140
17678
15809
17279
17160
17587
16138
15662
17517
15925
17115
15925
17119
17170
15521
15037
17176
205669
15745
15630
17176
17790
17112
15924
16498
15536
16047
17102
15972
15975
15981
15883
15578
16053
17442
16824
15926
15924
17413
15922
16962
15184
15950
15763
16209
15811
16024
15790
18890
16171
15842
17607
16501
16874
16121
16881
16880
15940
16931
15442
16146
16211
16540
16544
16885
16537
15396
15572
15360
15167
15568
6088
15676
127591
15204
16783
25679
16894
17036
17213
17277
15275
389851
17062
17358
16942
17086
17377
17186
16950
16934
17415
16919
17557
17615
16807
15999
15542
17566
16814
18067
17940
17288
16861
17563
17213
17248
391655
38590
17057
35341
15442
17492
16947
16883
17271
37447
15934
17135
17128
16105
15462
16781
16782
19533
18075
17269
16169
15846
16993
17131
17761
16688
17075
16345
15853
16705
16433
17757
45872
17660
16811
17492
17066
570015
18323
6019
16781
15363
16976
17545
11099
17561
15547
25658
16867
17381
17090
16890
16944
16549
16973
16606
15612
16808
744426
17159
14993
14852
16974
15984
15976
16848
16333
16287
16982
17150
17424
17366
16059
16930
145522
16864
15888
16777
15810
16472
16403
16372
16355
16345
16442
16442
16891
16361
17328
16368
16572
16838
16503
16414
16102
30241
16787
16873
16789
15224
17467
16915
15987
16506
25324
17958
16470
16815
15675
17242
15867
17004
16967
17293
17119
18583
17239
17930
16869
16992
16805
17036
16330
16915
15839
15524
16344
16191
15927
15403
17224
17096
15800
16543
16344
16473
70560
17068
17244
17084
17560
75207
20102
17242
15995
16874
15259
16623
15505
16762
16857
16735
15182
16777
15485
16913
17210
19007
15899
17179
16625
46226
15147
16735
16648
15312
17364
19167
28662
15390
15011
15282
16129
15735
29036
16102
17132
17327
17073
16620
17389
17026
18938
19042
19031
80877
16893
14312
14660
14705
13734
14328
17174
25049
16748
17178
16546
16821
14677
18929
16484
15332
16695
16655
16663
16714
16636
16670
16646
16663
16614
16673
16703
373486
16775
16773
16652
16779
16995
16992
16730
16677
16649
15642
16818
16821
16757
16984
16789
16596
16927
16860
17162
16876
16898
16874
16977
16142
16368
16785
17051
16327
16629
17667
17666
17167
17206
15828
15938
16334
17002
17146
16353
16298
16388
16244
16241
17765
16399
15573
17106
16655
16370
16780
19040
16664
13255
16839
15723
16824
16815
16806
16867
16494
16951
17880
16825
17510
16799
15215
15224
16835
45855
17318
43017
17464
27589
16812
17295
6159
29631
16941
224686
16747
44853
16978
16931
16849
16864
15621
17439
577541
17126
17591
17119
546169
16880
16960
15851
13319
16554
689183
16788
14579
14537
16795
48356
48156
47645
16957
33294
25514
28103
50529
16765
63714
6107
47955
43767
16873
34616
48726
16865
47989
16025
21319
14159
56087
474546
16945
17394
48823
712968
14628
16605
57585
16876
17161
17082
16953
16879
17244
17021
17041
16872
17031
17554
14307
16995
16928
16962
16821
16967
17228
16978
16813
17034
17591
16847
17007
17004
18693
16329
17208
16797
17117
19323
18534
17073
16376
14886
17144
16710
17868
17015
17099
262077
16973
16754
17000
142470
18009
51505
36703
31254
16365
11572
11092
9282
16824
8256
7492
7366
7058
7030
5818
4512
16629
18429
17304
17106
18150
17627
17787
16552
17796
19047
15488
14925
15957
16930
16910
16900
26591
17038
16871
16876
16980
16859
16891
16866
16875
16899
16901
16959
16826
17053
16952
16954
16874
16869
16687
16880
17218
16898
16885
16827
16895
16899
16875
17577
16882
16889
16880
16884
17063
16878
16869
14752
17304
16878
16884
16853
16873
16864
16842
16835
17577
14710
16887
16854
15807
19222
16934
16178
16930
16618
16884
16817
16935
15164
16701
19207
17151
16412
16669
16519
17388
14903
16431
17217
17121
18310
17011
16751
16685
15815
17112
16801
15040
14919
17046
19274
24977
16995
13846
20279
16867
16864
16014
16842
16807
16923
16843
16783
14653
16977
17325
16900
17052
17202
16902
14658
16902
20644
16291
48579
25343
16807
16924
17347
17333
16889
16980
16144
19000
17730
32682
17971
16816
18489
16780
16933
18845
16844
18102
16931
16097
15721
36541
17125
16877
17330
16672
17037
16821
16854
14139
6078
16989
16864
16994
17567
16987
18186
16899
18090
17446
17366
43578
39871
36566
17037
17200
16830
16851
17001
18248
16922
14033
13986
13993
14047
15397
16586
17083
16841
16790
16864
17216
16846
16799
17165
16970
33496
17096
16969
16920
16950
16926
16939
17065
17251
16761
16963
17174
16962
17080
17166
16911
16928
16895
17008
17010
16805
36170
16255
15335
204355
15799
22026
17243
17472
18995
17772
16578
50392
30031
69760
59649
16586
59304
15236
1234
1482
16489
16462
16581
16696
16765
16942
16802
15883
16274
15092
16757
16646
17029
16930
16580
14538
17836
18316
18133
16875
16107
16948
16276
15190
17091
15398
20639
16215
17862
15287
16616
16638
50455
15437
16784
16180
15336
15308
17472
16931
16947
17700
17704
14827
17464
15793
16916
16767
16789
16904
16780
16775
17053
16761
16781
17125
16799
17047
17120
16798
16784
16805
16797
16771
16603
16778
16826
16816
16824
16773
16841
16759
16775
15218
66022
17470
14669
18038
13901
15981
15992
16159
16387
17057
17089
17039
15171
16024
17066
15830
15353
15241
16984
18876
16950
17213
15140
16626
15539
18300
17731
17268
16819
17016
16918
15822
16041
17655
16900
29897
18964
16891
16802
16953
16979
18099
16034
16042
15854
16796
16801
16941
16329
16766
16923
16915
16493
16648
16325
15998
16961
16503
16248
16244
16739
16347
16211
16797
16647
14914
16655
16832
16802
16776
16769
16993
17006
16237
15876
16578
17301
16435
20404
16900
24292
16578
15686
17483
16890
17835
17676
16670
13963
16681
15696
18862
19149
19290
19582
16591
20080
19417
19925
20118
17877
20675
15000
18385
18603
17572
19597
17029
19166
20981
20628
44585
18225
18195
16768
17488
16904
16992
15768
16795
18446
16817
16285
16281
16498
16782
16731
17172
16860
16661
16885
26360
17070
17157
16954
15756
16863
15605
16872
420153
16854
16891
16835
16570
16915
16900
13225
15109
15580
11366
12905
17526
16868
26693
15762
17337
16113
17290
17047
13331
14511
15174
16473
15066
15557
17004
14371
16893
15388
16698
17118
16632
17270
16674
15391
15116
15104
16150
16916
15617
16189
20631
61376
17237
17263
17039
17125
17120
16796
60155
16968
55317
14561
19694
16847
16423
30399
14263
15310
16956
16964
16960
16957
16951
17711
16766
15218
14230
16974
19232
15355
15087
16832
17062
16881
17769
17749
17109
16699
16784
17383
16232
16718
16775
17189
16769
16745
16718
18257
16718
14997
16443
16253
15602
16955
16944
13959
16018
16810
16152
17420
17715
17106
17028
16886
16908
17326
17016
17772
17409
17113
17290
16781
17290
496724
16944
16877
20227
13886
14984
18677
17384
16881
16876
16884
16844
18910
17509
16615
15860
16839
17049
16689
17068
16534
16192
17023
17106
17319
16328
13955
16279
13961
6029
16760
16704
16686
14296
32607
16884
17458
17226
15820
17255
16726
16790
16814
16737
17095
16831
16722
16995
16098
16803
16835
16903
17004
16581
34418
16898
17506
16865
16780
16194
15459
15521
16768
16905
16897
16844
16951
17033
28138
15873
28805
8377
7863
18628
16783
15947
16147
15029
14254
17946
15478
15858
15579
15936
17192
15786
16075
15986
16874
16719
16755
15901
16711
16797
16698
16769
16796
16180
15376
15771
15951
16956
17176
37030
16799
15737
16921
17005
16779
16444
16333
17486
17283
17518
17523
17513
16808
16779
16117
26220
26143
16867
14081
16813
16657
14919
17083
16907
17520
16733
16782
17357
16791
16740
20647
16628
18021
14875
17248
13939
17305
17025
16832
16921
15673
16666
16842
38546
16686
18016
16284
16944
17350
17482
17589
17575
16998
16720
16712
16991
16716
16711
16713
16833
16731
16717
16722
16717
16715
16714
16716
16907
16712
16718
16715
16737
16725
16570
17979
17008
17843
16736
17373
17840
18032
16850
16841
16144
17071
17161
16217
19850
16621
15906
19839
16913
17002
16105
16971
17094
15918
15820
18029
15757
15915
16563
15735
16714
16820
16702
16715
16877
16948
16699
16706
16799
16709
16825
16797
17260
16971
16771
16818
16797
16693
16765
16773
17697
16794
16764
16597
16714
16785
17090
16719
16705
16714
16860
16711
16828
16711
15484
16803
16770
16795
16802
16800
16811
16848
16839
16655
16433
16996
16782
71553
16653
16651
16257
16653
16897
16654
16656
16651
17046
16723
16701
16717
16860
17108
482910
17020
17443
14651
16196
16997
17535
783004
17507
16866
16581
15798
14496
18700
16817
16837
17228
17418
16240
71551
17534
14456
57353
16839
14030
13953
16799
15814
16579
16867
16567
16570
16194
16570
16751
16759
16792
16801
14306
17717
16518
6115
6118
6135
14993
17810
16670
17242
17697
14842
70146
17754
14732
15183
14489
18161
14096
17000
19200
15585
14779
16244
16556
19225
17681
16444
17738
16796
15608
15845
14787
17470
16010
19298
159078
17087
6115
6037
6834
6140
6129
16032
15980
13339
16087
15263
17108
16872
15995
16096
17419
16368
16237
15755
37547
50985
17075
108534
48084
17090
16173
16733
16954
18133
18518
18536
18712
187287
17118
16847
17055
16792
16799
16787
16795
16787
16800
16710
16678
16688
16741
17104
15978
13886
16715
77591
14716
19640
16212
17081
81134
14389
14113
14522
16623
14828
17025
17107
16602
16355
19028
16894
16535
16438
16426
17102
15971
16297
17078
16904
15582
16798
16778
15592
16250
17069
17106
16909
15856
17110
17407
16022
17403
17446
17430
17250
16741
16988
17048
19877
17104
15220
17604
15579
15516
16564
15884
17008
24673
17401
28953
17086
17224
24471
17847
16958
15666
17134
18030
17672
17017
17106
17028
15465
27387
24305
25265
14733
15580
15640
15825
17110
13926
16952
13723
16964
15450
16981
15277
16817
16804
16827
16781
16883
16748
16983
16883
14784
16956
16788
16788
16794
16783
16776
16842
16874
16805
16761
16840
16827
16850
15660
16751
16910
16769
14864
16885
16854
16768
16773
17277
16836
16750
16757
17032
15841
16787
16841
16813
16797
17121
17115
17021
17022
16419
15723
17026
16794
16827
16863
16778
16764
16969
16792
16856
17067
16930
16916
28748
16489
14357
14747
16897
13738
15009
13829
16757
16524
16939
16117
16881
16900
15437
16898
16713
16908
16832
16579
16786
16806
16772
16910
16766
16782
17241
77474
17389
16777
16853
16796
16865
15789
17861
15848
16873
15457
16859
20136
16862
18105
15896
15853
15789
15625
15998
16916
15635
15426
16276
15795
15862
16684
17806
39661
18299
17598
16886
15749
19242
16533
16704
16895
16893
16387
16895
16924
170696
17630
16938
17013
17620
16065
17786
16814
40994
6132
6144
13252
3203
16720
16906
17089
16870
16346
16875
16890
16074
16882
16570
16934
14654
16916
16911
17190
15573
14667
16912
16632
16916
16928
16890
15146
17076
15511
14118
16894
16488
16879
16434
16883
15434
16843
15354
24874
15343
16794
15332
17892
17007
17061
15495
16997
18079
15437
17114
18114
18001
17003
18015
16917
16899
16953
18148
15564
18925
16296
17461
16109
16683
16901
14643
16621
16991
15881
15505
16842
16787
16805
15825
16838
16837
16844
47298
15519
16899
16791
15281
16620
16743
14981
16882
29388
15672
16862
16684
17130
212163
15565
16959
16627
16960
16485
16778
17434
16905
16891
16902
16043
17292
17756
14043
39797
16827
11665
11329
17585
14039
12849
14016
14112
14980
16959
14892
15788
16848
13890
16689
16034
14312
18667
16837
63796
16778
13914
17186
15431
16709
15883
16693
17199
39966
16628
17820
17523
16885
13617
16801
15856
15480
16873
16922
16837
16922
566094
17119
17001
16929
15529
17353
17488
17147
16714
16716
16701
17673
17034
16742
16704
17663
17111
15976
18645
16032
18660
16753
16104
16850
17489
17141
16622
92707
24693
17724
17199
61258
16494
24541
17486
15255
17504
17503
16985
16960
17505
18633
17488
17501
17498
23234
17475
22483
17504
16575
23408
17483
16928
16929
16603
16801
52360
15694
16837
14544
101631
16621
16187
16941
58610
16768
16589
16772
17115
16792
18711
16470
16740
17135
15736
16909
16796
384039
17020
16761
995178
16250
16121
17298
23794
17711
17591
11830
16795
17523
12921
16492
16162
16852
16932
17129
16803
16959
10533
16840
16826
17104
16805
22179
17603
11724
17105
16821
17023
13930
16792
16740
17136
17645
16998
16965
17016
16938
16733
17106
15799
13911
15813
15642
17338
17297
17350
15678
16948
17039
14073
16406
17037
17043
21662
16087
17563
21562
13730
18315
25268
15627
16150
44270
16969
16825
16600
16468
30505
30230
49338
15937
16047
16416
17995
32289
13300
15858
16712
16760
32992
17861
15620
15496
13325
17189
16305
15610
16752
19785
17023
16044
15411
15833
16152
17131
16523
17325
71747
15185
15980
17283
15680
15957
15508
256642
18130
16865
17006
16961
13870
16633
16634
16649
15849
16951
16834
15061
18937
15902
17444
15327
16809
15746
20935
13787
15932
16187
30805
28227
16969
15604
15811
17218
15807
16782
15819
16452
16892
14982
18616
18941
16769
15328
17407
16752
16968
16863
16753
30108
16534
16516
15655
15953
16620
16915
16695
15211
17152
17331
16726
17187
15435
16438
17205
13883
16979
17284
25546
27444
26286
42301
16434
15977
20583
17169
20758
18686
16560
19201
16555
16797
16572
14820
16799
16565
18845
16068
16820
16691
15963
19676
16741
20379
20651
15853
20582
19300
20578
14288
18699
16573
16769
20916
16561
16369
17063
20795
20689
16073
17114
16450
17789
15682
17462
15108
29407
21987
23085
14369
16967
15954
16825
16773
16812
16885
17060
16850
14398
16204
14669
16657
18122
16105
17017
406336
16907
18082
34586
369586
15904
17074
509119
17085
17030
17097
16882
16992
17015
16928
16979
16953
31235
16773
11862
16715
16140
16823
16868
16883
17074
17093
17100
17205
16755
16766
17083
17181
17564
16956
16949
17089
16718
16547
17080
17079
17103
17304
17095
16778
16786
16581
17107
17058
16584
16919
16221
16887
16750
20345
21342
16921
16841
17115
16296
37205
16015
6095
16927
66380
28145
17072
16681
16752
16725
16685
16716
16713
15907
16718
16721
16723
17107
16720
16794
17082
16740
16730
16713
16743
16742
16735
16722
16730
17098
16773
16727
16631
16747
16742
16740
16758
16786
36199
17068
94960
6102
16389
17083
15842
16372
17109
15519
16166
19457
16859
16210
17173
16823
16822
16951
16840
15150
17093
16835
16527
17145
17161
16824
16727
17653
16710
16928
16800
17098
16792
16686
15485
16895
16819
16887
16802
16766
17010
16766
17044
17075
16774
16895
16713
17141
16905
15651
17101
16872
18300
19838
16999
18325
17582
15837
16802
18006
38319
16156
38454
17087
38412
16972
19692
15618
18945
14003
17157
17106
17497
16796
17174
18759
18642
17596
38185
38412
16959
16776
17519
16829
16835
16695
16811
17988
16842
16817
16710
16553
16844
16845
16598
17143
17069
16723
16787
18118
16814
16813
16859
17206
16752
17541
16823
37747
16853
17006
17072
16765
16644
16785
17166
16764
15303
16779
16951
15667
16831
16793
16935
16616
16741
16981
18003
18581
16802
16729
14745
16864
128892
17747
15404
16232
16961
17091
27530
16781
15153
15808
15032
16801
16909
16844
13839
16695
16818
52406
17069
14739
15650
17276
16931
17006
17269
15122
8287
15160
16887
84940
45476
16849
390096
17044
16914
18901
1575460
17202
17190
17190
16443
17201
17189
19511
19254
18836
15923
15505
19016
15646
15605
14878
16629
16089
15789
18646
16537
16901
16760
10518
364837
19960
19643
17942
235207
19388
16488
20668
222570
19819
13848
14211
14369
222574
19801
15911
14380
16406
16413
21538
14514
17169
16503
16977
14203
15861
14775
17173
14248
14329
17126
14288
17393
17182
14525
15034
15474
16419
16545
17198
29023
14761
17283
49173
18517
35677
41236
16923
16927
17442
17101
16643
16782
16529
16997
25227
16116
17172
16411
17117
16820
16529
16763
16843
17052
14733
16959
63826
54493
16749
16935
16506
16828
16957
16919
15725
16753
15417
16352
16864
17106
15414
724003
15381
16193
16878
16774
16264
16771
16811
16799
16798
16981
17097
16709
17324
19935
18853
18441
16854
13377
3133
16633
16955
17146
16487
16192
15290
14915
64218
63636
16998
16888
16894
16413
17024
16296
31146
17322
78393
16546
16565
15998
17004
17034
17009
16899
16828
16807
16891
20773
16769
16870
15914
13969
16862
13964
16801
15519
14286
15980
14616
15908
17639
14676
16808
16437
68643
16666
17024
16880
16953
52266
50043
15642
14684
14855
15638
17010
15769
16891
17072
16779
16944
17031
108235
17170
17166
16917
17103
17096
17406
17495
17250
17396
17097
17264
16857
16649
16684
16694
16658
16650
16669
16672
16650
16868
16613
16617
16590
231414
34971
15420
13627
16634
16982
16856
16863
16863
16862
15591
28694
16864
15435
15878
15558
17094
16773
16827
16831
16824
16831
16806
16814
16814
532303
58065
19444
16443
16077
16755
15785
36015
16617
16871
14659
14934
15257
18795
19285
16188
14051
16771
16765
16681
16813
16743
16322
16074
29438
16750
13907
16796
16708
38209
17382
15526
17254
17144
15333
17128
23930
15202
15218
15224
16808
16379
16959
16683
16436
18135
16522
16922
16638
16983
16455
14624
14358
19376
17006
15607
15707
16905
16752
16749
16753
17253
16968
14176
18595
15175
19395
20272
15448
16155
16872
17030
17147
17820
14113
15984
14168
17178
19401
16492
15859
18670
14629
110537
12849
14462
16732
17606
15354
17354
16860
16478
17457
16278
14991
16602
23466
19160
16845
40860
15251
14042
15365
15299
15406
13213
11629
17646
15961
16936
16868
13935
17009
19052
15982
14735
16531
15573
16676
18715
17970
17006
16852
16930
17264
15360
15335
17706
16487
16467
16694
16253
16445
16163
16241
16714
15797
16635
19066
16900
16851
16565
20105
17932
23169
17499
17001
17462
17059
16933
20517
22521
17847
16837
19404
22001
19945
21945
17706
16002
16953
20572
16634
16836
16628
15360
16804
16889
16828
16250
16911
16979
16562
18467
16974
17089
15356
15233
17199
16292
16187
15613
16004
16149
16810
16143
15542
17688
16954
17018
16975
16967
16964
16978
16963
16968
16874
16963
16986
16974
16987
16986
16820
17117
16858
436042
16828
16768
16220
23952
16696
16577
16250
16791
15783
17782
19357
18134
17293
16669
16282
17096
14520
14034
15920
15618
16617
15959
16035
17832
16674
17070
16843
17363
16467
16528
16928
16821
16828
16806
16653
17278
16918
15982
16914
16830
14370
15975
16900
17105
14185
16936
17170
16677
17107
14338
17335
16274
15972
16864
17045
16982
15335
17527
16926
16879
17472
17060
16972
16930
16788
19373
16925
14782
14963
17088
16848
16962
16736
16763
15583
16243
16898
19378
16931
16885
17624
17168
16763
17689
16680
16976
17301
17055
16935
16830
16802
59451
54916
59549
16994
17037
17905
15339
16598
48318
15881
17723
17140
16734
16040
16964
16822
14767
16917
16647
16652
16835
14132
16941
25994
16701
15564
15774
18172
16639
16639
15736
18175
16682
16670
16815
16628
16696
16572
17060
16654
17061
16857
17014
16678
19212
15976
14301
16654
16818
22876
24519
18305
16622
16940
19869
14387
17032
16659
16235
16972
17852
16925
15710
16426
14314
16352
16688
21693
17246
16715
17058
15707
16043
32586
15456
16918
17113
17114
17051
16968
16821
17797
6096
16736
6127
16406
17371
38499
17155
13982
14425
15020
16244
18490
16732
16862
19202
16981
31366
17892
17519
17782
19172
16842
16847
44444
16797
17670
56328
17624
17904
15968
31554
16803
17319
16085
16549
16564
15551
34145
16120
17952
13972
13939
18265
17438
17651
16697
17048
16660
16926
16120
14254
18948
16629
15961
19711
17063
19578
17371
17954
15461
19743
17001
16233
15763
17230
16719
16320
19510
16155
15423
32076
36909
39602
15895
16775
19145
17047
15517
16500
27232
16526
17282
16428
16907
18129
23230
17075
15065
16785
16744
17087
17128
497729
18165
15429
15462
20411
16241
16469
14151
16678
15508
16551
17553
72301
16931
15816
16674
106723
15513
19352
17010
16528
18064
15587
17452
15568
16916
17487
20331
18327
17025
16580
18563
29553
13995
20602
16801
44357
16304
29626
15968
17811
15748
16061
16595
16133
16645
16624
16820
16605
16114
15632
261718
14819
16873
401971
13524
16887
17376
18558
16804
16852
16775
16326
16482
71345
17343
13907
13872
15433
13965
16866
98627
16786
17394
16770
15750
16884
16647
13998
20774
17048
17059
15361
17056
15378
17138
16564
16927
17270
16705
16688
15169
16851
18942
17191
16990
18426
17520
19694
17182
16925
16748
16851
17754
16932
17387
16852
17396
6131
6144
16195
18002
16200
20203
15753
22380
16430
17833
16003
16658
19031
18602
20416
21241
21245
15106
15980
17436
16716
17147
16697
16895
16662
16825
16827
16807
16817
16657
16828
14448
16545
16554
16653
16659
16654
16883
20632
16818
13544
14392
15530
15670
16607
16848
16828
16839
16598
17260
16065
16212
16973
16959
16994
16143
14008
14537
13532
14671
13896
13812
16803
14600
14795
14760
15021
15297
14965
14726
15036
16854
16804
16739
18454
16844
15842
16930
17384
15958
16567
16821
16865
15748
15490
16101
13670
15429
16139
16206
16376
15588
17403
16896
16023
16404
16901
15787
15161
15501
14684
18335
17054
17047
17050
17051
17049
16764
17052
17032
17049
17048
17041
17045
17047
17028
17043
17041
17195
17048
17045
17045
17057
17044
17042
15918
17022
17076
16172
16390
37550
16860
16789
17106
16955
17546
16771
15232
16618
16273
19283
42810
17862
15936
16864
18286
17903
16725
19512
16679
16619
16708
16027
16791
19604
15504
14983
16843
16924
431102
16895
16829
16879
385682
16857
14987
16846
16834
16857
16740
16856
16835
16841
18527
19176
17923
16874
15620
16947
69964
36139
24980
109249
16863
93339
16861
59456
75118
104507
16793
56680
16241
16860
16794
16864
17210
17896
18069
16641
16873
16873
18145
16780
17858
17410
16451
16429
16402
16419
16453
16509
16861
16563
16055
16160
16163
16940
15879
16815
15882
14173
14437
14706
17162
16876
19257
17114
17076
15566
15436
17668
16799
16768
16768
16775
17083
20629
16922
17215
16254
16822
16822
16888
16968
16969
17244
17412
16966
17037
16862
17925
16189
16679
16875
16872
16871
16884
16865
16898
16877
16886
16971
16870
16876
16874
14158
15775
15937
15939
15942
14556
15507
15921
18702
15937
15586
16488
15371
34426
17095
17062
17144
17043
17116
14393
17167
17147
16811
16959
16984
16919
16912
16916
16961
16195
16814
16966
17036
16705
16656
16698
16717
16635
16621
16859
16651
16646
16907
16640
16716
16714
16719
16708
16713
16714
16718
16810
16711
16715
16712
16711
16659
16683
16694
16696
16602
16662
16811
16704
16728
16716
16706
16710
16715
16726
16721
16718
16717
16699
15314
16719
16791
16507
16712
16721
16745
16682
16761
16638
16171
16708
16733
16731
16651
16658
16662
16669
16680
16767
17526
16702
16813
16961
16670
16871
16726
16738
16981
16827
16711
16621
17598
16675
16718
16624
16630
16713
16652
16718
16682
16633
16677
16687
17400
16670
16614
16690
16688
16673
16683
16387
17009
17140
17021
16058
17030
16800
17024
16644
15678
15607
15685
16766
16204
15915
32047
15878
15773
15792
47668
16708
15381
16927
16793
16721
17077
17059
16948
16973
16916
17000
17004
16956
18240
17002
16969
16964
16981
16954
16944
18234
18412
18220
18451
18224
17577
18214
19220
18207
18257
18301
18316
16862
16986
16595
16631
52192
16624
16670
16676
16677
16727
16908
16980
16972
16829
16850
16654
16987
16716
16876
16698
17007
16704
16675
16687
15395
16842
16809
16791
16828
16836
16800
16809
16872
16765
16707
16667
16822
36328
16783
16735
16919
16847
16932
16908
16910
16888
15671
15681
16565
17259
16874
16829
16876
17398
17425
16797
16795
16616
16701
37369
407646
50479
17081
17103
17120
17121
17124
17308
17117
17157
9602
9464
9059
8097
9148
5744
20693
15757
18198
16854
16857
16854
16855
16858
16855
16864
16854
16855
16854
16857
17089
16955
16896
17514
16980
16811
17797
15997
409588
96937
18552
16798
16826
16840
16903
16901
16896
16871
17291
16864
16769
89695
42856
66225
70111
16967
15430
50213
13771
15091
16629
14837
16619
14013
13957
13942
13741
15586
13897
16942
17021
17480
15621
15538
16824
15738
16873
16852
105620
16842
17095
16850
16862
16809
15596
16412
17443
17972
17522
16489
18426
16644
16811
15567
16623
16807
17900
13946
16600
16811
16659
15195
17423
16239
16985
15851
15356
14688
14699
15634
75427
16964
17267
16863
16814
15904
19218
16810
12268
15377
16808
16814
16839
16808
16811
16811
16876
16746
16772
16843
16815
15871
15911
16748
17009
14212
14169
16872
15555
14295
17903
16805
16666
16848
17363
18326
16862
16872
15943
17112
17047
16784
15472
17061
16976
15515
18568
18866
17951
16871
16885
16551
17176
16912
16084
17094
17565
16809
16205
16001
17177
16821
16970
17055
19407
16871
16919
16741
54013
32618
47057
18355
65415
34133
53167
43744
26425
49161
63456
42247
33698
16988
27482
23643
52251
65719
26605
26632
40023
47081
47050
55899
42786
16749
31545
55370
25290
61455
14067
38516
38165
15617
14808
39361
17973
42513
39110
39008
16840
16888
16706
16880
14330
15547
17622
17084
14508
15813
16770
16380
15381
16815
16799
16419
31689
16892
16891
17858
16836
15599
16895
17246
17141
17195
15623
16715
16976
17033
16215
17012
15751
14992
15475
15914
16760
17091
17282
18609
16975
15927
16873
18669
16888
16924
19788
15402
16811
22722
16823
17091
16822
16968
16983
16874
17489
15234
21254
16057
15945
16489
16405
15647
17057
15529
15812
15914
18500
16806
17257
35248
16468
46638
17705
108128
16776
14291
39254
45411
15372
38617
15394
18598
16744
26020
16946
17019
16626
16688
15642
14867
15616
14910
18495
16781
17949
18252
79511
108242
16792
27318
38976
14693
15472
15681
16803
15766
15975
16597
15973
16197
16549
15933
15268
15997
14036
15722
16757
16814
15668
16894
16752
16982
15768
16689
17049
16074
17172
16750
16721
16737
16811
16772
17043
16892
18343
15938
16777
16817
16826
15896
16378
16768
17008
19948
14555
15421
16924
17583
17186
16791
15780
18121
16001
17386
16903
19811
26511
39582
16647
108147
107752
16817
167733
16672
16938
44141
17518
32076
108629
16815
108590
16883
105223
33724
17292
26385
15247
15476
15515
15619
15596
15590
15669
16719
16397
16779
15393
15867
15337
13877
16816
15644
15700
15033
15246
15095
15237
16801
15344
15141
16264
15715
15161
16138
17321
14790
16883
16979
17048
17619
17176
15583
16781
17276
16295
16313
16792
16821
16795
16786
15485
18332
18340
18331
17666
17083
16931
16875
16798
16804
16900
20593
15490
17114
17134
15193
16704
16502
16801
16924
16757
62512
16808
17014
16751
15947
16039
15082
17114
16913
15777
21252
16869
16829
15058
15159
14271
14442
14808
14754
14784
16777
15626
16743
16821
15580
15153
16809
17458
16811
16712
15610
16983
14037
17314
16846
16823
16820
20511
21041
70420
16876
20419
21151
22349
16781
15672
15888
14559
16884
17262
16165
40240
16904
105188
105978
102047
107591
116650
16982
143104
16871
105500
111021
17086
16044
16910
13320
13291
13282
13313
87594
13316
18245
18243
18231
105853
16898
16505
84489
17728
17554
16779
16976
16783
18740
17095
16904
16637
16207
16429
15423
16662
79990
15858
14772
15680
15684
17267
16886
16763
16879
16847
16810
16868
16898
15531
17113
17218
15475
16848
16515
61710
16650
16059
15661
15702
17075
16799
18062
16060
16845
13869
16902
16748
17916
16776
17065
17061
17052
16593
16876
17758
16709
17115
16859
17168
15730
15738
15729
15728
15732
15730
15734
15728
17068
15431
16203
16871
16089
88592
15403
15413
17021
16991
15539
19297
16698
16871
14278
16903
18280
18058
17011
16735
16992
16837
16785
17107
17092
16856
15966
16835
677005
456525
15674
15643
674473
16995
16387
16607
17011
35481
30365
27341
29237
16935
16935
15408
16932
16938
16934
15802
16823
16604
17202
16539
17161
16607
22944
33843
39772
45838
35380
17048
54172
107736
15465
16851
48240
17480
16719
17496
17797
17002
16854
35832
17758
16972
16713
16983
16811
17001
16728
16724
15516
16719
15528
16673
16723
16680
16674
16857
18342
17090
17439
17141
17013
14865
16267
14813
14484
16155
16862
17002
17988
16829
16889
16931
16975
16628
15591
15771
16966
16936
15501
16539
15590
16811
17184
16977
15380
16844
16760
17013
16891
17080
14282
17108
17212
16910
16648
16797
19376
17095
16628
16903
16891
17007
16925
16794
16834
17474
16240
16052
16269
17323
17462
19262
20149
14958
17306
19885
18101
19303
20038
17725
16859
52980
19188
16901
18834
18967
17546
16807
17057
16794
13841
16833
17136
16145
16836
15601
14002
15843
16571
16954
29453
106143
16837
17421
15665
16763
16945
16887
17865
17335
15673
18585
16864
16852
16856
17457
16992
14197
15558
15414
33772
17979
17067
17053
17960
17093
17782
18114
16769
16851
16909
16856
16892
18020
16887
17385
16294
14366
15538
14823
16607
16792
16645
18244
16889
16972
16973
16966
14009
14100
14735
14154
15824
16455
16013
70951
17005
19341
16814
85706
17847
62945
42824
22027
17502
17818
95115
39106
16009
18531
16666
16197
14322
17116
17083
16938
17269
17245
16829
17381
16891
16676
16640
16803
43778
33097
42180
16355
16844
16827
17012
18595
17191
15433
15378
15624
17090
16836
16898
19247
16023
16042
16845
15306
14703
16879
16838
350934
16911
16924
40034
18533
17175
17981
105866
28129
106381
16880
19737
17492
16798
17191
16496
16947
17108
17760
16937
17114
16111
17583
16863
18103
16540
16561
16800
16850
15792
16810
16767
16856
17001
14209
15521
17157
16736
16800
16814
17015
17122
17151
17301
17376
16888
17585
17121
14365
16852
15641
15646
15247
17035
16733
17674
16720
15339
16935
17205
16804
17159
17459
15962
16883
17172
17177
16851
16811
17099
17058
16812
17054
17060
16547
15817
62443
17302
17434
17495
17018
17439
14893
16949
16230
16224
16052
16864
15471
15345
15951
17606
15398
15566
14045
16905
16211
14653
14434
16992
18118
16913
16031
17274
14243
15759
16982
16786
16858
16800
77053
17505
38192
38191
20629
15528
43846
16817
18906
16769
15497
15585
16859
16778
16273
16696
16892
17686
17667
13835
16750
17008
16722
16731
15637
16857
16923
16924
17118
16797
16625
16811
16980
16826
16958
16800
16796
16822
15523
17691
18155
17065
17024
19288
19538
18873
18785
15299
16786
17019
14904
15478
15442
15774
15762
16670
16987
16881
15494
17386
15651
15742
15243
15722
15647
15661
15123
19155
15644
15641
15690
15603
15668
16925
16293
16401
16915
16246
17006
16912
17191
17005
16787
16823
16643
17061
16832
17495
17085
17812
16800
16217
17156
17257
17077
16828
17206
16869
16884
16812
16806
17725
17084
16830
18117
17044
16805
17109
16973
16994
16897
17115
17124
16974
17013
17142
16930
17147
17004
16921
16983
16947
16934
16996
17504
16992
17055
16986
17087
17024
17056
16893
16907
15482
17985
17075
17496
16173
16181
17093
14443
16592
16980
17010
16979
16993
16963
16997
17016
16983
17000
16865
15656
16997
15734
15934
15531
14613
18771
16905
16974
13990
14230
16965
14741
64703
39086
18775
6046
16724
26511
17372
16885
16697
17055
17461
16401
16093
18772
15186
17793
17269
16857
16855
16855
16806
16786
17882
14709
17374
16434
18863
17181
16775
16702
17058
16805
16772
17364
17300
16740
17362
17088
18770
16821
15485
20371
20054
15466
16033
15501
16874
17567
16851
16846
18656
16833
16814
16850
16870
19574
16420
16891
16867
15340
16787
16791
18632
15576
16194
17116
16825
15578
16838
15356
16973
16882
16350
15617
16809
18774
16728
17007
16917
16911
17115
17230
17072
17859
16705
17562
16439
18773
17564
15932
17351
15769
17925
19139
18944
19292
16853
17940
15381
18777
15923
14007
16030
15599
16783
17004
16895
14366
13962
14164
17170
16810
18772
572571
16944
20531
16776
17768
16624
17359
16644
16635
991148
17182
17058
17055
17321
15926
16934
17011
18436
19798
17935
16415
15493
16874
16469
16091
16566
17035
17035
16015
16765
13518
17452
16436
14869
73243
26535
31076
17444
17508
106003
106121
15826
56748
41039
108198
16860
652555
16889
15542
16909
16866
16122
15695
15772
17042
18254
16841
17362
15453
15480
16855
16867
16793
16788
16788
16034
16012
16018
16886
17696
17521
15317
15577
15161
15226
16944
16015
16993
17038
16833
19217
17091
16884
18829
18868
16919
17436
15977
16784
18276
18278
18291
16854
18294
18275
18232
15509
15874
13765
13714
15964
15529
16949
16857
15595
15470
15537
15662
17285
17123
17630
19043
18759
18868
16859
17096
16069
17008
16269
16901
16771
14471
15999
16834
15610
14093
13998
25406
17684
15844
16895
19244
18821
16802
15511
26652
275078
21956
46486
15480
16735
16932
17324
16904
17249
16792
16534
16161
16995
17644
16846
16974
16892
16896
17403
17259
17054
16558
17487
16891
16808
16807
18507
16882
17078
16160
17707
17659
16791
17052
18005
15531
16977
16765
16857
18366
16946
16731
17049
16640
16471
16845
15503
16874
16900
16964
17141
16259
16977
16976
18141
16978
17356
17254
16277
16354
16135
17349
18329
16858
17500
17516
16901
16906
15541
15524
16062
15612
15522
15966
15566
15437
15502
15507
15985
15513
15602
16716
15510
15972
17455
16734
16808
14477
16845
17111
16871
16018
16875
17032
16966
17511
15339
15522
15655
15532
15476
15485
15476
16880
16880
16990
18118
16254
16234
16172
17000
16751
16860
17085
17312
17038
16755
16885
16932
14286
17094
15245
15155
16821
17042
16874
17529
17095
16204
16857
37240
193691
16874
606517
16880
16874
16886
16886
71799
31280
27612
436061
17108
16854
16878
521531
17016
16874
16875
369815
16877
16481
16206
15743
28439
15532
15961
15809
15824
55744
14072
14885
16900
16828
18950
19063
16392
15804
17106
16902
135523
16857
16811
16823
16748
16593
17005
16138
16147
16904
15995
15863
15739
17659
16801
16803
16804
13897
17740
16954
16769
16853
16774
16294
15493
16924
16168
18054
14286
14400
15512
19349
16982
16981
15516
15402
14206
15742
17290
16881
420858
16863
17004
16886
19660
17006
16886
16878
16865
16882
16882
16857
16851
793306
505541
106117
26310
17269
14263
16205
37493
31359
16767
16933
16992
16739
15668
15532
16013
15588
16887
16737
17086
17118
14253
14213
17221
16791
16787
16975
15678
16781
17647
26245
17312
17114
15412
15322
15275
15376
15416
15416
15428
15444
15263
15387
15540
16761
16948
16941
19931
15404
16814
17080
16587
16781
17635
17582
17245
16771
13909
15445
17091
17003
17414
16569
16925
16687
16521
16895
17095
16535
16659
17305
16925
17344
17231
16978
17212
16896
16793
16782
16671
17276
17455
16885
40405
30465
320374
21000
16010
16778
15055
793382
17129
18262
17141
18942
17187
17138
17108
17134
17163
18108
18834
6111
28611
37275
72598
16116
16262
16295
15864
14518
16758
16829
16808
16806
16798
16821
15162
15163
15179
15182
15169
15157
15171
17166
14982
15166
15162
15151
15195
15186
15203
15168
15180
14893
15324
14856
15532
17423
18781
15484
15768
16442
17016
15039
17880
15478
16866
16337
16280
16743
16641
15890
16624
15704
16804
16800
16547
16715
17534
16968
16594
15987
15599
16167
16480
17634
17715
18036
16034
15245
17495
16982
16779
22792
17011
17535
16650
18940
16821
16841
16127
16889
17153
16927
15515
16306
17416
15721
15745
16195
16641
15555
17301
15900
27674
17395
16840
16374
16782
16364
16583
18190
17619
18083
16623
14520
17350
16876
16892
16948
17682
15034
18231
16756
16941
17007
16712
18451
16307
16203
15808
15702
16918
16075
16508
16806
15852
16858
15645
20394
17366
13903
15531
14141
14180
17593
16870
16846
16692
16200
14660
14820
15410
15736
16444
16397
16883
19789
17205
16785
15508
20787
16772
16795
16868
16760
15653
15004
15193
15194
15169
15181
15211
15204
14255
15186
15188
17002
15899
16931
16983
16960
17008
17017
13886
17021
16975
17022
16811
16953
17027
16940
17019
13895
16824
16966
16837
16995
17026
16928
20769
17046
17055
16892
18098
15030
14930
19146
19755
18970
16784
16819
17055
16878
16774
16790
16826
16821
17079
16980
16948
16542
16917
17151
16888
16868
17150
17215
16836
17065
16815
16748
17012
17034
16819
17731
16798
19414
18822
20274
16846
16824
13940
17360
17052
14603
15586
18028
16848
16940
15816
16949
16742
17061
17111
17045
17009
16988
16791
16206
16818
16777
16805
15704
18054
16794
16794
15412
16814
16851
16777
16399
16812
16802
16953
16779
17175
16936
16891
16799
16937
16838
17040
16729
15062
15020
14953
14847
16531
16834
17068
17195
16727
16809
43519
15733
16881
16029
15957
16752
15734
16790
16808
17083
16591
16698
16127
16534
16812
14888
15869
16181
16908
15790
15788
15977
15458
15565
17955
16794
17488
16271
20353
16192
16711
16757
16214
18252
17150
16991
17149
16949
17081
17086
14163
14109
16927
17585
16752
16982
16835
16793
16867
16816
16975
16612
13770
19623
16876
16913
16032
14627
16780
16795
16551
16837
16770
19399
17033
16088
16743
16356
17083
15420
16748
16847
17145
17073
18939
17050
18088
15595
16839
17530
16747
17318
15527
16794
16934
684593
16727
17265
16884
17424
16759
16916
14390
15834
17004
16754
16879
16418
16857
19218
19269
17441
16923
17439
17007
16774
17022
16204
13658
15694
16338
15634
17450
16731
13784
17158
15409
15542
15368
16847
15850
29203
16866
15313
16987
15942
17054
17117
15929
16136
17005
16880
16765
17049
16325
15113
17052
17935
17005
16153
6146
98275
16106
25272
28357
44225
16024
26592
25295
33351
33544
30168
16055
26870
58257
47486
79561
13860
57541
16645
16622
21774
37721
17139
17055
27227
44765
16768
27540
17620
16770
17198
17005
17289
16847
16986
16837
16840
16942
17367
15465
15696
15509
16842
16957
16847
16167
16145
16071
16817
14699
16846
17072
15082
14502
16253
15967
16539
16029
15994
17181
14424
16812
16838
16855
16954
15735
15890
18153
17116
17118
17117
16927
17989
16603
14576
17163
16823
15871
17117
17105
17709
16865
16572
16856
17177
15821
17991
16833
15741
17037
16838
38141
16955
38033
38192
38193
38193
15409
38193
122973
15490
68583
38196
101582
16449
19890
63426
44855
16506
33220
15966
43394
15806
16709
15907
18473
17919
17510
71116
12120
18214
14230
15578
14368
17416
16210
15197
17492
16131
16124
16653
16744
16741
15910
15002
121384
15096
16253
16168
16620
16750
16041
16604
17455
17057
17314
17294
16471
15855
17340
15609
16874
17873
17266
17306
15543
17054
16404
17138
14655
15612
15636
16812
15673
15918
17270
15210
15396
17258
17277
15444
15611
17407
16019
16860
15505
18237
691092
17389
16819
16799
16963
16367
15636
15927
24975
70845
16981
60496
74222
15437
16790
746391
16481
15970
15582
15548
15725
46935
16884
17697
17261
19211
17174
17114
18754
17029
18824
18251
16965
17051
15982
17760
17635
685967
37934
16664
17170
17269
16993
17265
235372
18865
17252
17275
16811
516963
16773
15961
