14645
22690
355217
8371
8087
15264
8421
588602
14514
74469
11453
14653
14028
8159
8398
8424
8240
451429
472518
529277
85050
15238
28583
28169
9409
15090
16317
9761
10325
9486
9216
14360
9519
8001
16269
10248
15001
9010
15196
15682
9323
13787
7242
303511
19683
28784
32127
104428
15382
15108
14175
669400
17247
6484
276398
7651
15000
10671
14602
15692
13565
15580
15873
14013
11065
11085
10374
16144
8013
12593
13877
15778
14387
8226
7774
1901611
498430
9070
627446
1697172
13887
11144
26986
11377
19915
100370
100915
100521
100665
100875
101176
8437
11391
27593
22037
16426
15528
14132
7787
10449
12463
10080
15343
15438
15717
15877
15762
16130
15697
15619
14904
15608
8657
9312
10505
15849
16200
14783
9021
13939
8683
15956
7199
10501
10464
10937
10793
15721
13345
12275
16106
16174
16034
15931
16539
12199
15384
14514
14343
8498
15083
15312
16370
31348
30327
27340
27202
33128
32628
13619
731050
100446
51339
15639
15657
248803
29200
16211
43319
15447
11987
15898
15591
15839
14693
15645
14902
7555
97608
35867
13343
8788
15617
15661
8781
7323
14142
7264
7909
15007
15492
12747
15564
15637
15552
14829
14895
14548
14650
15752
15880
13952
15580
15340
16260
15394
14737
14120
15343
15713
15805
14986
15158
15719
14987
15147
14840
16058
14736
15343
15737
15555
15755
13580
7227
15739
15202
15260
15212
15656
15978
15384
15206
14529
16626
9072
15279
15379
15808
15356
15911
15670
15159
15180
15695
14729
17096
15452
15265
16195
15400
15186
14844
14831
15967
14571
15405
12709
15047
14442
15004
15718
15444
15401
15591
15364
15306
14244
14432
14723
15590
13773
15377
14260
14716
16053
15463
15674
15020
15530
14725
15972
15991
14752
15630
16443
15498
15545
14998
13230
15211
15381
15659
15082
14892
15656
14187
14151
15233
15935
14903
15725
15540
13125
13611
14924
15464
14975
13768
14582
15597
15055
13621
16313
15249
15112
15439
14793
15247
15835
15724
15529
14719
15802
32976
14258
38330
14005
14098
8948
11213
22439
11346
15880
15719
15653
12433
12714
14763
13245
12239
16400
8691
12921
16011
9902
8636
9858
9340
15892
13528
16427
7992
12969
16200
11867
10863
12039
10938
13867
12736
10792
16015
14696
16487
16554
16121
15683
15492
8855
6973
14254
17387
42138
12672
27658
17734
29572
29588
50608
54126
9507
15000
23003
27940
16235
13159
8946
8921
12868
14990
9028
15334
16226
10276
8311
8818
8500
8501
17084
7687
17387
12054
8582
12136
7524
8708
7893
9506
14898
15424
11022
8471
8893
9284
14706
15369
14027
15842
15689
15459
12079
8972
7693
15478
15597
15212
16020
15053
15115
7995
13170
14689
9409
8241
14230
12493
8197
16726
10810
16395
16252
13801
14131
9202
11128
14658
7317
7197
14477
15223
7205
14856
16519
13915
16811
14972
15054
9346
10789
28659
28713
28017
42356
14624
13409
486782
13196
7889
8012
26291
120839
15878
113629
13279
7106
18293
7586
9491
14301
7934
15395
8222
15763
8187
15075
15373
15793
18873
16134
8951
7217
13332
8151
9097
8291
14656
7529
14086
12662
9120
10263
13313
13309
10970
13483
13942
17608
10218
15789
16528
15456
15585
15714
15734
16692
13648
14462
13785
15276
7600
15474
12061
11861
16162
15697
16097
15946
14576
15465
16669
15584
15075
15638
11824
11736
14120
13596
16740
7874
15617
14836
16056
6891
15808
15806
16539
10024
9744
10352
10546
10266
10768
10045
9337
14745
13998
9641
14749
7883
7522
14675
13442
13548
53100
9670
115446
9501
74190
8922
35314
10083
7216
16547
25518
4908
21601
17766
10016
16033
7435
10820
14537
15550
14782
7717
10584
8735
9350
9427
9237
17089
8589
8233
13755
8172
14985
14993
14963
15082
15546
8147
7959
7708
7649
18112
9760
15442
12890
8426
8192
14986
49851
13819
15823
13917
14950
15730
15568
15156
8423
14359
15499
15125
15979
14123
15821
14244
14821
15359
13314
15369
14346
15870
15359
14992
15319
15452
13940
14256
15091
14346
15490
16071
14322
15519
16327
16319
15760
14945
15191
16367
15196
16121
15393
15109
14639
15770
14339
14583
14428
14162
14728
15376
11511
15149
15045
14255
15686
15595
15342
16466
16386
11244
8466
14241
15614
14928
11593
12983
8991
10495
9218
11083
9221
11199
9132
9299
9454
9249
9579
8973
9967
16505
14854
15187
8074
14857
10950
8921
7991
8401
10630
12261
12478
14351
11334
11442
11500
12661
11376
12349
14362
13719
11954
13102
12066
16666
11326
11136
12710
14128
11998
13913
11471
12317
12656
11372
12337
14632
12696
12497
12591
13509
11279
10530
12104
13356
12254
12412
11489
13722
16421
11350
11329
11605
13421
11016
12405
14245
12039
12384
12535
12305
6998
11251
13425
13031
11711
11699
12277
13352
12495
12557
11796
15225
13460
13087
12930
13658
11769
12782
12658
13003
12050
12260
11276
11005
11655
12204
11134
11946
12422
12150
12512
12738
12586
12386
12061
16588
12353
11863
12195
13175
11665
12440
11522
12168
14182
11983
12427
8531
10894
13366
11034
11130
11209
11982
12183
13394
12570
12230
10925
14176
12742
11903
11853
13059
11679
11886
13397
13897
12387
11561
13769
9152
12020
11345
12794
11671
12257
12557
11111
11211
13209
12737
15499
11599
11911
11740
11906
11972
12503
12439
11773
12057
9576
13662
16922
10615
7475
7390
7111
7348
7051
13859
15829
8760
14509
42401
15268
39274
28829
11170
280878
11250
15603
12476
12093
11768
14074
12776
14618
16053
12159
11017
14400
14347
14127
10954
17086
7623
7176
15103
9037
9684
9891
13437
7400
12122
11754
13180
10156
14548
17171
11044
10658
27179
9668
16344
16256
13286
11740
13358
15172
12545
12601
12165
15600
6811
13548
15500
12913
9644
12968
14826
15137
15521
14903
14517
14747
15532
15465
15704
15241
17027
14063
13873
16203
12935
16570
15704
13554
14965
17074
7042
7762
7651
17452
15433
55140
14035
16596
100806
11640
27899
24353
52777
10197
7940
10041
6428
7370
18752
12822
14892
17387
17334
14905
17002
16856
8656
17125
16005
11376
7722
7467
14421
14628
16326
15026
14793
15728
9310
8991
15124
7814
9028
9517
14803
14691
15482
14309
14896
14099
14379
14422
14249
14444
14594
13881
13582
14082
14936
14214
14187
14548
14217
13432
13812
14366
14533
14661
13739
14821
7404
14235
15361
15500
13395
13589
13765
16983
8405
14951
28446
7256
15951
10120
9616
13886
14123
14871
14662
12702
12765
14456
14813
15577
8889
10442
12743
15723
8630
14477
12910
11156
8679
13263
13742
18506
7699
100595
70824
13483
15311
21209
14245
9562
847047
11157
15415
12738
15682
15170
8573
697283
12536
7871
15055
9179
651980
15053
15567
14547
15690
650767
12140
16613
10725
14187
13435
8312
774296
8042
15640
14767
15801
15386
14883
79989
7927
15593
7506
8837
9836
13811
12687
14508
15138
11354
11742
10430
15393
13844
8986
15848
15602
15828
16395
10801
14672
9031
8693
15619
8811
8846
11809
13176
10475
16190
14726
8926
10529
15290
16453
16589
16158
15750
8051
11199
11178
10879
14343
15958
17103
14794
7673
7436
8128
13681
9396
12314
16691
16079
9853
15125
16322
9142
16935
16301
50058
9565
16322
3006
2345
626
681
3918
9889
8584
26114
376651
16223
16387
203821
9961
15135
16304
16135
16358
15727
7146
14972
15509
16155
16015
12978
16208
16959
16793
16599
21229
29730
15787
571912
15818
13532
15257
20153
325468
14316
12901
353815
16296
13726
41026
14808
14336
54702
22522
24836
14459
25272
9086
13127
8790
7317
6953
7539
7777
7064
7044
15910
7145
7184
7154
6913
7580
7175
9656
11243
10342
7102
6590
12888
14345
14344
14410
11069
10674
7101
7160
7681
6936
7170
16053
7266
7046
10361
9839
10791
9921
13066
10729
11896
11593
11278
12916
7152
13351
10960
10303
11304
14337
9066
12977
12816
15831
11209
40904
10954
13081
16001
14838
8669
11214
7561
9692
9712
12871
16044
12944
8684
7966
13258
13342
8254
10245
9120
9594
10652
9394
9264
12595
12584
12741
12982
12723
12878
12032
16071
12305
12328
12510
12874
9821
15052
12318
12665
13445
22419
15730
21808
10344
12193
12980
12381
12564
11962
12780
12990
11460
12648
12370
12973
12235
13328
13371
12540
13632
13720
13315
13288
9363
12760
12472
12689
12518
13205
12505
17529
7594
14425
16971
13088
12512
13662
14003
13042
15049
12592
12970
15833
13443
15770
16176
13533
14327
14089
14244
14222
14174
13652
12603
13507
15344
8619
9551
10765
7819
8257
9600
13886
17041
13060
17239
10535
13456
12821
11082
10709
9590
15052
15893
11106
13026
9523
16742
15922
14122
14502
8764
9520
11556
14487
14820
27870
56247
52412
12466
14608
16500
10957
26771
1178421
13223
14969
13388
10824
13630
13629
13318
12857
464374
15034
15073
15415
465207
8521
16178
15411
8768
185106
13951
181258
15434
184523
183931
13842
14611
16679
16561
16020
16046
16099
15710
9731
10217
8754
7514
14417
8004
11906
13718
22652
9290
7040
12826
16078
15707
14648
14941
16532
17723
14168
14304
12188
12125
14424
12259
12519
15226
12169
12073
12382
13680
11835
12880
11002
12370
15595
15688
15798
10607
11168
10951
16967
15377
16453
9289
7310
14153
7728
12706
12314
15294
16099
17136
15779
8465
9531
15302
472017
16716
10224
8582
14832
15587
15364
38871
13223
14342
37354
12932
49562
15646
24097
28162
16191
16191
12643
16202
12072
16285
9668
9479
9098
9821
10223
12341
14818
12647
16592
15919
9944
14773
15010
15533
15771
7837
9447
9018
12480
7603
13493
7623
9209
11956
15535
7963
8625
8885
9239
18245
35265
13101
15640
30767
37013
38928
4143
440367
12661
12455
18659
16198
9270
16012
16423
16273
8985
8013
8957
8904
7919
16671
16627
32815
16584
16617
16271
15156
15792
15299
14404
15200
15276
7522
9059
43977
16493
16659
15527
37279
15808
34889
14841
16145
87596
15272
24779
16295
16708
14541
7949
7969
8219
8292
7646
8537
7716
8114
8541
8425
7863
9105
8619
8771
9263
16966
9058
11114
9086
9261
10542
10940
9803
9824
9935
10627
13022
9780
11427
8805
10005
12409
10550
7327
15563
8272
15769
14442
15059
7179
12006
12802
12394
12370
12311
11864
12288
13376
14626
12320
12977
12778
13413
14164
12417
12415
15005
12878
13195
28663
7194
6878
7490
10781
15741
8508
15593
14314
7690
17627
8889
9714
8653
9516
8783
9476
8840
10886
10085
9186
13906
16220
15386
14459
15771
16287
17054
16453
16380
13858
16368
16385
16340
16382
16348
16387
16341
16352
16369
16510
8043
7229
10264
12334
9632
15843
15778
13394
11161
10855
8343
11444
10999
14445
15190
12680
11619
13406
16645
15334
20862
15268
12717
21706
15539
10644
13032
11294
405808
8545
8657
650593
9149
12616
15012
14613
15722
40459
8903
197114
8400
10771
11403
30184
72203
8860
31004
24215
29277
8429
20313
302089
9354
7216
14820
8381
16807
12562
7747
13205
16221
15028
15953
12096
12096
8442
8134
8077
12109
6954
12196
11487
15163
15176
14131
7916
15358
15250
16433
14402
10762
9048
8643
15226
15441
15339
16501
15597
16342
8112
7728
15371
14594
14981
13350
14405
12604
13070
13351
12050
13134
12137
12892
12876
12538
10648
7180
7670
7326
15209
15160
8420
15355
10498
7295
19809
13202
18285
96850
41593
9804
44355
158850
16739
12042
13945
14409
15603
8962
14380
10193
9958
16049
15675
7227
7575
7936
7316
15550
11850
12806
11301
16650
9874
7855
7919
13345
11017
11338
15957
9145
14171
7982
12009
12016
6996
14557
15668
16119
15196
14568
15423
15627
11995
15463
15568
15904
13389
16395
16423
7634
9988
13941
13198
12786
13112
15755
14481
15603
15847
332239
14938
15996
8169
9568
15611
8210
14245
11981
12354
15078
16300
8756
9202
10125
29376
50602
14367
9175
31882
15911
7514
16313
12225
52273
14793
15329
15586
9419
14801
15846
9707
9737
14249
10211
10431
10260
10142
10205
9831
11268
11516
7477
10138
7321
14241
9461
8791
9940
9591
8781
9615
15573
9973
14874
13733
14708
14125
13892
12875
7647
8216
8199
8164
8197
13772
8378
13883
8937
8540
10629
8919
12328
15674
8749
16359
10324
16894
14033
12387
15070
10469
12524
10294
13799
12387
9932
8609
18948
18516
14628
8465
9431
15279
15369
12983
463321
13283
13337
12607
13018
16596
14859
17482
14259
17393
15682
8098
15456
14430
9900
13362
8554
15504
15427
14712
9264
9399
15344
10037
16414
14085
8924
10163
16441
15285
8806
10071
9135
8878
9484
9064
9455
9398
7738
13326
9013
14199
16392
10378
11743
7869
8074
8800
12749
10599
16001
13254
15584
15446
10913
15959
17218
7016
32199
25625
14540
32522
44102
33861
15689
24908
647513
15785
15437
13623
15468
643401
15879
16490
16660
259028
15446
12496
196961
14560
4607
11206
14784
13368
14733
7793
14581
13532
14397
12324
13942
14096
14211
14232
14467
8865
15405
7763
7647
7641
7464
7464
10539
15155
15032
11202
10870
15199
14305
7300
13993
7454
17189
14137
15303
11151
13976
9401
10386
8083
7963
15739
15809
12192
13274
16185
13283
12149
15582
16024
8436
8527
5858
9460
15387
10143
7410
15345
9342
15430
13740
30630
32823
19911
23592
14759
39627
37215
39627
10734
35335
34700
11873
28242
27345
18700
22161
20003
15294
16712
16074
16300
52982
50324
14829
70336
16112
26443
33273
29868
53391
16244
22572
11647
11733
11832
11614
11571
11278
44251
11520
50990
10661
16205
9049
9539
9892
16010
13779
16007
16724
7731
7900
15572
13497
13674
13490
13665
13311
12848
11580
11318
11295
11361
12850
7505
61864
13643
13686
20132
13879
15149
29558
12979
9430
9357
8822
8015
15209
14997
8838
9283
9527
9016
10371
9762
9100
9362
7499
8581
9372
8964
9690
11225
8011
9687
9036
8204
8492
10741
15477
9798
7883
10853
43700
12352
12522
12302
12815
13243
12817
14281
8144
8055
8247
7887
8637
8400
8033
8812
8114
8627
8177
8318
8297
8565
8378
8481
7956
8422
9120
8109
8570
8448
7941
7788
8314
8032
8328
8243
8464
8701
8273
8124
8039
8410
8904
7915
7921
15502
8383
7971
8186
8373
8218
8406
8356
8403
8252
8472
14531
8756
8870
16574
15772
12626
13850
13399
13608
13470
13373
13047
12976
15642
13007
7299
7386
6919
6990
7544
7743
6461
7143
8210
7258
11123
11206
13180
14917
9485
11784
16549
9831
7950
8863
13935
9450
11452
11274
14222
14029
10584
9801
15548
15976
14000
13491
15869
7422
13550
13335
13478
11285
11329
11157
13332
13558
173660
13513
10365
15541
8596
14448
13742
15651
14880
15693
10992
11542
15338
9677
15853
10781
15716
15914
14464
7252
9977
9205
8286
9343
11107
9910
14041
11145
14639
8757
7470
9334
8962
9500
9575
14794
14348
15720
15331
15484
7501
7611
15889
7131
15666
16503
16499
605325
567260
17820
26154
28602
43664
16571
17793
28704
10430
9121
8967
8755
12066
13848
8581
11060
11466
8971
11011
7580
11309
7853
7096
7467
7229
7117
6865
10396
15120
8223
7087
7535
7549
8483
8731
8673
8239
9077
8822
8319
13677
7877
8999
10998
11243
13009
8285
8326
8453
9111
8361
13741
8562
8448
9171
10224
8197
8738
8693
9285
7679
8732
8702
13905
14518
16305
6666
10866
7477
8049
22335
16891
21292
43199
22149
264210
453715
48685
24784
20922
4875
573987
18123
9415
14809
13666
16252
28230
16072
15652
17099
15573
11376
16543
16409
15309
51256
11001
20173
15451
8014
13606
13682
11151
7945
44703
9914
10401
9977
13256
13373
14076
13233
15709
12898
9820
10327
9711
10158
10694
10022
8916
9793
9273
9953
9683
8917
12507
17091
15848
7903
16037
9636
7888
8663
11547
9365
7135
17881
19284
18279
8943
15552
10586
10452
14577
12440
13940
15928
13054
14934
10045
12966
13008
12352
12265
12882
11591
9857
9323
13417
10041
10074
10523
11274
9408
12590
16560
16893
16221
10757
13913
11096
10720
11232
9611
9743
9412
10550
9805
10188
10790
14813
15716
11748
15968
15620
14196
15611
10909
11396
8982
16699
11042
14038
10325
7042
9828
10750
9697
11653
13313
9974
13757
11313
13765
13057
7947
10953
8896
11912
12349
510405
14009
12778
9863
12795
14971
13160
46536
15848
32030
105918
15425
104833
162109
15711
454616
15133
16948
15014
374041
7147
8249
17099
16249
16119
15054
17379
33577
135363
14665
58169
16127
118532
37313
10610
30290
10409
10069
9496
16072
14680
14636
12422
12668
10093
14790
10869
16913
8487
11755
17606
13441
15122
10598
8640
11581
8667
12439
9136
13925
11992
12492
8251
7710
7762
14459
7796
14158
13682
13715
9190
13790
13557
12681
9556
9283
8037
16134
11190
13793
10639
9725
8532
10617
15018
10092
8724
10339
523052
13424
14609
12775
22301
497419
14182
15348
15188
48974
4279
37604
15296
725601
16569
14170
16295
14630
4967
1174393
13017
13876
14415
14766
8613
15280
13238
19341
216326
9146
9087
215907
15151
398901
15447
16416
112064
15505
55666
14968
465681
16812
14962
16238
30669
33519
11869
9739
9733
11143
8521
14038
7482
8593
16418
15961
15662
8201
16273
17281
12443
12627
15438
12325
12486
12464
12496
12234
12370
12386
17000
9371
14538
16094
8501
14002
12205
7425
8910
12343
11565
15746
11000
7205
10010
16785
13247
15114
10892
7785
10233
9509
9413
7727
7781
9359
16961
14922
16915
11538
8127
9998
9149
7906
10201
10038
9269
9115
13788
16058
13027
12269
13878
14104
7693
8498
7917
7319
7041
7569
7180
15755
8677
13810
14801
8837
8625
7036
8117
7583
7705
9335
7529
16177
7393
7133
13361
12042
16363
10338
7889
13479
7285
15616
16316
16270
7514
7390
7600
15030
15118
15291
10264
7189
10339
15758
14699
15873
15657
14679
8018
16963
7971
8305
8223
8703
9504
9636
8771
9624
15237
7434
7331
11398
17462
15275
9272
10591
10577
10061
7717
7300
7145
7300
7540
13522
7277
7555
7478
7264
7285
7465
7890
6889
7389
7727
9429
7347
7336
7273
7029
7272
7315
7306
7737
7650
7149
9464
7115
7839
7274
7699
7540
15924
15000
15698
14381
15914
86904
15668
14800
14782
14690
60474
15716
16686
50154
61998
498072
179472
15596
15746
47480
37168
18479
12462
13236
9976
9887
14708
7638
7654
9228
9063
17165
11916
8524
7869
11068
8654
11599
11222
7136
14465
7848
7198
8817
15614
16289
14901
16971
14851
14988
14859
16206
8423
8281
13039
12167
12389
8285
9305
10674
15106
14796
9645
13605
11078
10840
18197
12448
11302
11397
16113
11306
9869
10998
10648
18267
14710
15427
15903
25053
7714
10370
40953
10703
15596
29316
51967
9555
15880
13038
12334
10429
7541
9444
13569
14378
14286
15093
28155
15796
12329
36787
16453
13722
10074
9581
14788
15781
16688
14866
11341
10478
11052
10575
10744
8483
15959
14529
16154
16270
32553
42690
8620
15635
517485
12765
12982
12873
705137
12944
25219
25749
12706
7028
11723
8904
10314
15397
14847
11816
8519
15841
7508
11268
15908
10237
8651
16717
10247
15099
17126
14545
15887
14535
52440
836462
7343
18487
541707
310218
379671
7345
16483
56440
16373
16330
86130
109556
8502
15348
15102
7875
8196
8709
8474
8365
7348
9111
8105
7963
8305
8924
8900
8713
9088
15008
16196
14136
14671
13012
9431
9655
7247
12434
16901
15854
7853
8899
9573
9808
16387
7343
15957
7220
17302
7352
16934
10187
8145
11524
12390
17905
7051
11446
11678
10087
12564
11768
10283
11074
10270
14005
9459
16047
7471
8389
8207
8519
7953
15438
16517
14039
15352
10090
15096
7372
8871
9035
9958
9592
7406
7534
14587
12846
15320
16786
13941
14294
14197
13763
14106
13959
13472
13780
13853
13869
13645
13708
15290
7194
12006
14384
9960
10318
32457
20118
94857
17842
103427
32086
22488
409477
28837
71143
15760
22476
13791
4382
8656
16674
8134
8712
12785
12664
13581
12156
12357
7772
16248
9392
9852
9535
9142
17284
15274
15617
15970
13025
12466
16164
8666
8644
8612
9429
9746
8646
8639
8307
15534
15905
15907
15494
15896
15681
15735
15936
15254
14694
15001
8924
16044
15763
15901
15817
15805
16021
281184
17866
36268
18819
52572
70393
422024
54148
65325
68822
10641
8166
8831
7597
7610
10178
11473
7459
15452
9020
9704
8405
8826
16384
16255
15592
13423
8487
9663
10120
8442
16461
9752
9312
9889
11284
14038
14861
15876
15469
7791
7890
7888
12839
13286
13925
15259
7720
9818
11192
14113
15216
15407
12571
19887
14811
15930
12900
80213
364113
28405
366809
28968
9038
24300
31338
75899
30796
14713
9665
9786
8343
8741
30850
31699
29892
34519
32659
35273
26817
33260
37512
363999
1180095
13073
14156
12929
52479
63003
16137
32643
55402
9819
28666
183424
14069
13270
68500
14337
138742
15301
293488
8549
12831
15968
101312
15551
13577
13603
8851
9751
14788
11518
7922
8100
8120
7589
9631
10832
16488
15328
11777
13736
18523
8253
9607
9435
12961
11320
8911
9019
14989
15405
13880
15554
9010
15868
15216
15993
16601
9763
8483
13547
14292
14578
9122
12827
13009
16021
12427
12268
14703
14423
15161
9040
9225
8087
13025
12030
9009
16773
8558
8649
16673
10628
7695
10592
9767
12702
12184
15740
14755
8457
9730
8525
12869
7915
8429
8410
8024
11180
9423
9706
9730
8419
10249
15543
7868
8152
9578
9156
7911
8018
7847
10351
11624
10470
9378
7806
7930
8529
8485
10723
14394
9135
9540
8789
8058
15125
8211
8188
8160
8224
15737
14281
8274
8362
8564
8217
200073
11031
7183
202592
7045
208783
7438
192803
7411
200074
15472
7372
199117
7089
172017
6868
27122
7784
16106
14521
7677
14534
15837
8959
7632
290431
6614
7526
16049
16128
14889
7820
15589
13748
7965
8179
7891
11317
8523
7944
9182
6942
13368
11022
11084
13620
10542
14231
9459
10370
14172
14135
7311
16064
17713
14467
10176
8787
15855
14147
8100
12347
7627
7468
13844
15254
7321
15584
14881
16364
10006
14606
15128
7290
15097
14998
8986
27329
14847
15554
8029
15642
7144
16890
16130
9578
15353
15112
13883
60053
7437
69720
42238
7351
697714
7491
7542
7890
7625
14150
13491
20644
7204
5119
20101
39040
24742
385120
7494
7184
7277
7620
16041
15698
14256
16007
6808
13865
12971
9061
17452
13176
13402
13722
13189
13367
7063
13361
14082
9635
10360
10791
15294
9528
8854
15721
16063
13309
14974
15477
12795
14608
14914
13532
14485
10964
14311
14579
10374
12194
10583
9451
14216
15594
15424
14679
15345
15423
15629
7369
15287
15516
15047
15268
8121
16388
15351
15450
15624
13610
15617
15673
15264
15972
18684
16183
14592
16497
9421
10147
7233
15029
11837
12380
14918
15733
13365
11392
12724
11470
14150
12465
13194
9679
9628
17708
12744
13745
15865
8957
13559
15717
10205
8741
9062
13811
8528
13899
14075
13130
13287
15370
9504
15487
9044
10134
9856
8549
9220
9205
28166
13382
15264
15435
13794
12814
7503
16717
13899
15136
15658
8850
9917
8650
16068
11718
8748
15768
25749
130128
10725
86768
14221
60025
30996
9646
38201
33703
66422
10017
400280
9442
12685
11581
24884
16412
8305
8491
9371
10397
9014
11845
8882
11115
11416
12343
13240
12829
12589
12916
11992
12683
13092
1286
12547
11623
775
9989
13856
15443
13312
13122
12518
12596
12565
13759
11442
14878
27706
12625
13470
13618
13578
13168
12492
13586
12664
12253
12709
11943
14650
13061
12361
13131
12506
11285
17182
18962
8991
17342
27860
14474
17782
16483
13590
14052
55464
52955
7531
7354
14379
10114
9812
20798
15445
15575
16554
14837
7931
8983
10678
8010
8629
8425
8092
8541
8717
8665
8341
8502
9257
14823
8779
10077
17392
17359
16901
8769
9544
7745
9734
8486
8344
8517
29363
9082
7799
8786
8102
8067
7811
10606
9566
9053
9466
14281
14602
15599
9933
9740
9281
9648
9505
9994
15710
9141
36562
9270
16250
53297
7914
12855
10117
9324
9943
9311
10260
10172
10128
9434
9750
8426
8920
8199
8177
8347
7352
12660
7050
17009
8439
8392
8259
9158
15263
10817
8230
7968
9128
8478
7907
53759
9589
9426
9760
8522
13572
9541
9263
8559
9074
13703
11917
14753
15277
14917
15279
12439
13200
12722
12789
13248
12997
13626
13936
12445
12898
13369
12795
50635
13656
13099
12698
13070
12831
12729
12394
13467
13109
8139
14124
16133
15054
15768
13894
12266
10460
16152
14303
14182
14643
12957
13530
13392
8847
695498
41535
35458
613635
25579
30859
608796
39249
627157
47377
15128
26546
537093
15887
9802
10139
15832
23365
14680
804845
16263
13304
12854
16398
7869
9653
395394
15017
15092
670723
7463
15169
12261
15321
16768
12946
23280
15428
16335
13022
13055
17153
14921
8138
12692
9768
14806
14827
11278
14757
7884
15962
10521
16948
10843
17288
8070
11528
8571
9481
15661
10537
6931
13045
7164
8598
9816
9940
251233
13543
16182
15288
55039
26394
17673
14705
39014
29464
30824
7603
31331
49543
7548
16389
68851
15978
43861
19173
19093
17679
33320
452890
15117
16483
29990
15917
11787
3768
4708
19235
7709
7752
13865
16997
8969
9416
14250
8134
8165
7959
7895
14416
14527
8188
15902
7362
9266
12434
9843
15469
14840
9208
9190
14548
15481
15531
15736
15302
11345
15551
14157
16153
16074
30101
13521
267421
12264
13087
67427
68526
6777
258750
15911
14518
15410
12891
17386
7470
8481
9455
10243
14047
9358
13710
17640
9510
7925
7508
7923
15418
9478
8166
15367
9323
13432
18253
6318
10823
17819
15214
15835
17583
17552
17571
15540
16620
13884
17249
16492
16909
16913
15683
17343
16386
16186
15565
15606
7768
16681
16669
12590
10406
16188
13223
8208
5503
11602
15925
25923
15754
17508
16539
15237
16838
17089
7732
12557
14584
8842
25239
48620
27383
15996
247001
15037
17678
365455
9711
14893
111989
15985
8217
8252
8818
9875
10152
8677
14740
12192
7195
8690
7521
13424
13216
17502
9714
16702
9091
14937
9145
15766
8346
8379
8787
13054
8714
7247
6822
7664
14627
8452
9251
8650
6581
11638
10837
15073
13170
14927
15350
8315
7752
16191
16793
8711
7822
9146
15690
16132
14698
16691
7209
14128
15091
10656
13506
13998
14835
11453
14720
14874
14957
15593
14913
8704
14887
14933
12417
9006
14725
16131
15081
16978
9042
8029
8452
10000
8452
15417
9127
7627
7836
10627
8418
8274
9059
8363
11883
8939
10128
15471
13479
8291
13476
6759
7814
7727
10108
14520
13839
7987
8742
8404
8052
15454
15650
295
230
41254
79983
16390
22597
9723
14316
7095
7538
21909
15318
21965
16476
14312
14947
12215
8607
8918
17937
18228
17194
7232
15306
12977
15330
15153
15491
15556
15325
15329
7591
7599
16353
22519
14098
10386
13791
8966
14173
13538
11602
18785
40220
15551
24558
9923
14341
9203
10408
12290
10307
12005
8876
10143
7721
10637
8160
8506
8503
8687
8360
8972
8559
19680
8746
8945
9002
9002
9758
8489
8482
9500
8514
10994
8840
8846
8556
8676
8474
8481
9013
8953
8514
8222
16466
9440
9164
8743
10201
8833
15821
9958
8804
8148
14359
15410
8663
10736
9307
9919
9637
7870
13789
18979
22191
23340
11607
22468
16637
7022
7802
6732
7951
6541
7346
14917
15631
15295
7249
15823
13726
343289
15461
15443
9332
8053
18754
23577
10157
7260
15199
13111
55834
49578
15149
7319
10513
8874
7920
9719
9264
9319
9694
14309
9534
8905
8916
8854
8755
8769
8774
72648
15272
60976
7595
14497
11383
13876
7471
7134
10020
10290
9883
8749
82192
16056
638992
16170
14845
15224
15766
121918
15727
95337
16556
27449
12397
19376
13556
46041
54668
105805
11855
89816
13185
35332
16271
16508
16759
95699
11263
13374
12903
9384
10316
11351
15237
12559
12038
9785
9947
9497
10101
15614
15306
15284
15400
15411
15205
8310
7057
7407
7212
7149
7236
10828
7103
7533
7046
7712
7745
7204
7503
8075
8082
7510
10518
8149
7619
11209
12651
8399
6913
11083
11225
15345
7806
14869
13480
14645
9076
8947
16957
15450
14967
7511
14879
7991
8947
8191
11659
11875
12310
15414
7089
15453
10723
15096
8943
12063
7548
9175
15043
15047
15745
15727
8650
15550
9382
8576
8225
7471
10364
10106
8964
14314
7726
14365
14034
15198
15783
15150
15077
15192
14875
15032
15286
7726
15024
14460
14345
14306
14746
14435
14061
14212
15170
7784
14450
14459
14985
14514
14587
14733
15618
14928
14417
7266
14645
14457
14833
14308
14528
14624
15156
10903
15027
7530
8662
15807
15012
8157
15910
13942
8630
8275
16708
7669
11543
8969
15370
12045
12312
9897
10483
13956
8506
16554
16083
8109
9266
14416
7870
15091
14949
13377
15144
14949
15409
11349
8216
12435
13790
16449
13328
12813
12884
10499
13772
14358
7452
16493
9114
10263
15445
14525
7785
7405
12191
7219
9290
11324
8677
8510
8468
16309
16009
7208
11362
8588
10801
10959
9738
8930
10244
11906
10614
9224
15611
7886
8064
12287
7133
8160
8086
15674
7776
8189
18398
18308
14103
300843
12146
343255
14358
16575
15126
343537
10489
16256
292345
6965
16225
16885
15578
32735
10827
14344
15405
13126
22472
7317
91547
14859
47387
487068
16228
13413
15974
731724
13456
16537
8299
8060
14533
42302
6746
351939
15247
7694
240894
16342
241698
14395
491025
15474
16264
15514
15491
160443
13463
7738
14423
40051
522930
95328
1025966
15914
16177
14779
19147
8085
7267
7426
8774
10966
14626
12733
17467
17754
7063
8497
8546
14468
12313
11463
7199
10633
10307
9366
17374
12813
8083
8223
15531
7695
8857
15439
9247
7979
8405
10619
11010
7076
7063
10221
16476
9635
9938
12771
11187
17077
14335
15272
16190
18448
15256
14097
13027
13024
12489
12346
9024
8712
15800
17397
15407
10901
8347
7373
9908
9401
14163
15175
14387
14212
11863
12113
11765
12499
12107
12130
12144
12183
14308
7992
12894
13209
13624
14384
15773
14913
12999
8899
12052
15541
15785
11929
10255
11614
9340
9115
11708
12463
11356
15355
12769
13155
229794
45588
26023
30109
12445
7989
11272
21972
10030
15416
9405
9975
8048
7581
13129
13439
13456
13011
10482
12945
14268
14114
12667
12372
13966
10827
8743
8407
8434
9118
13902
13680
14496
17954
13546
14718
15035
14296
11924
10996
11497
11570
10991
11743
11949
12172
11281
11663
11883
11731
11637
11856
11981
11870
11606
11060
10875
11963
11781
11751
11952
10876
11524
7949
9985
13938
10625
14076
14218
12497
7173
8299
14575
14387
29648
15651
19966
27808
8086
35222
29783
86829
67208
101611
490408
12291
14516
15278
579154
29642
17995
15878
430253
14944
13144
13546
60743
64683
13936
30351
44570
12577
48487
38116
12915
52870
42723
16301
59309
54188
15695
42475
52592
15087
45122
43633
15087
42359
7378
46641
14139
23965
9357
17477
14788
482714
15331
16443
11780
13827
15903
7764
8035
9833
15011
9371
13962
9707
8703
8064
8366
16731
7262
9501
13679
11625
15158
12872
10985
13956
14669
14006
14194
14140
14964
17907
11607
13364
11719
10364
11369
10935
11347
17766
17251
17455
16456
17392
15141
17497
17151
7945
17175
17376
17984
17764
7935
10697
8043
8957
8174
9065
8907
9349
7871
7591
8357
15943
7853
8909
15010
7517
9900
7275
9928
9672
10100
9713
10987
9681
13189
6983
15531
12027
7449
14558
8696
11364
15136
16191
14604
15167
15007
14680
15154
12537
28578
99542
13815
8670
10555
18741
72943
14032
26592
18053
12206
12768
31305
21732
57209
10799
61529
37592
15714
51630
21591
7205
153680
15803
686212
15019
15782
15887
15812
7532
527023
15393
27744
625105
13365
14672
16691
16632
15440
28515
16392
1215
16230
4061
8569
15472
7075
8107
15530
9065
9326
17137
12811
20028
11695
12099
10752
16350
16665
13776
17212
16844
10406
15624
7319
7918
8262
9452
9897
9620
15231
8155
10172
15661
10025
15465
12150
8157
7935
8469
7194
13085
16700
7602
8938
16207
13972
7947
13026
15287
15863
9254
10973
13066
11325
12007
9882
14446
10418
9293
17783
6913
7832
8103
7880
8583
8101
7585
7825
8050
7598
7692
8122
7921
7956
13585
12960
9932
7961
14125
8101
8005
7585
8956
8743
13952
8447
8651
16285
8795
13435
15128
15400
7956
12778
11911
13333
12305
13321
13075
13261
10110
11044
9215
8202
16056
14952
15353
16407
15780
16023
15042
16239
14696
15432
14695
16133
15599
15699
16225
15728
15847
14641
16117
15823
15253
14812
15871
16691
15848
15130
15145
14628
15173
7734
15232
16520
16281
16510
15355
14831
16742
16307
16817
15631
13623
41323
110141
10069
17032
275965
15486
16277
284095
13507
7458
20968
7289
17571
7138
15362
6834
15877
14227
14075
15245
15642
15425
12604
7571
7677
15608
15154
15536
15951
11226
11583
13548
13546
13663
13618
13634
9777
14149
9041
8804
15822
13410
14203
14445
15544
15478
8877
15886
14756
13332
8225
7939
8177
15251
15868
13258
15495
16356
16049
15531
15342
9130
15385
14843
16771
11221
7880
19757
9566
8394
15260
17737
9150
13854
15218
14266
10372
11496
13705
11180
15677
13595
16475
15626
7919
12529
9501
134360
7706
8205
8273
12262
15767
13560
8290
7537
8760
11541
8565
8514
8594
8346
7566
11765
14307
10956
13675
13643
9739
13672
7764
8662
8380
9324
9017
8530
14458
8531
8473
11105
8923
9417
9176
14060
9256
15210
16415
9731
15490
7724
8867
9564
11314
11350
15674
11520
8195
8134
7975
8829
8345
3814
8187
80689
9711
14559
16665
16244
15572
16473
15511
8695
398999
15450
15438
15794
15666
14724
15903
14997
15705
16607
16639
14220
16898
15396
11338
8481
13451
17033
16298
18315
12973
16188
15421
14813
15838
402928
27206
16282
28078
7537
16174
17367
15632
16058
28175
10997
8447
14302
8667
7074
18433
16774
19558
15731
16617
8461
8937
16182
16390
16501
17150
16523
9448
9091
9174
8616
16845
26928
16749
9611
16380
15005
569197
10351
4606
15635
10879
14593
16105
7036
14669
7083
16692
16500
14157
14949
16209
15855
14758
15592
9368
7743
7388
735328
16860
12418
11229
12201
8083
8054
15135
8329
8013
14891
14730
15163
14103
8207
16677
159673
15355
8307
16538
8754
8097
8030
8074
7809
8457
8292
8147
15404
7899
8106
7433
8156
8067
7846
8306
7867
16750
15766
15576
12563
9921
16113
14568
8235
8631
17227
8047
8107
16482
14560
15417
8837
8629
14242
13041
14969
16190
16725
14546
14857
15583
15391
8598
12263
15717
9341
7399
9515
8647
8949
7690
14978
14748
8650
8021
7901
8105
41518
14924
12301
15601
15877
46298
15658
14814
9891
15142
8093
14343
7752
10180
13095
12826
8236
16509
7473
15086
15048
18880
8592
9255
13270
27285
8745
8454
8885
7680
13944
18109
20535
7647
8216
8215
10424
12332
21844
12808
15806
16859
12428
12828
14784
14913
12928
13313
13361
59970
14444
8564
9332
13916
7378
8098
14194
15572
14679
9999
12928
14248
9253
13161
14765
11418
12247
11577
11989
13970
11812
12284
11781
12601
12143
11458
15935
364667
15795
15881
11780
15395
13369
13354
11591
12187
12053
10785
15606
15710
14930
16341
16044
13853
16267
14306
15086
15253
15027
15780
16707
15585
12204
16225
12938
12792
12796
15395
13028
12693
16593
14703
8358
15630
15699
16903
15855
11884
15994
15662
14852
14896
15476
12964
15198
12231
8654
12597
13595
13273
11673
14030
12212
12682
13015
12695
13119
8640
13663
12050
13638
15527
15388
8327
8417
7813
34388
14340
33711
15512
15932
14322
11256
4917
17941
15398
231359
14186
45989
15018
14669
8805
14827
7900
14295
577566
15099
16278
16014
545893
16300
16348
14044
7638
15251
683226
15213
8503
8445
15370
25542
25001
25233
16247
18411
12674
14754
31633
15036
36132
4645
26482
28044
11475
22421
35353
15022
32489
14713
13061
10644
32548
470887
14933
16083
34951
721025
8779
13867
34955
16035
17579
14640
14479
13771
13907
14532
14730
13818
13448
14960
9924
14582
14454
13831
13701
14470
14957
13524
12728
14162
12823
14164
14556
14745
14712
11972
12178
15157
14420
14900
12410
15291
13680
8712
13781
13170
16856
15266
13219
162863
15105
14250
15605
87878
16169
31462
22163
19775
10530
6659
6985
5102
14022
5346
4647
4305
4604
4041
3237
2402
13452
10074
15232
16820
16938
16373
17596
11505
16134
17664
12047
8345
10683
15932
15053
15261
13127
15295
15250
14633
15048
15246
16325
15720
16130
14885
15510
16386
15011
14851
15631
14810
14334
14926
14512
14837
14500
15226
15652
14776
15516
15392
15215
15270
15916
15223
15052
15829
13820
14856
15613
9479
14538
15386
14927
15571
15021
15489
15102
14375
16797
8587
14181
15538
8363
9198
14722
8852
14701
13150
16301
15167
14724
11826
15330
13578
14198
8222
8992
7813
15806
8898
14919
13213
12756
15476
16096
14078
18920
11471
15139
16416
10754
7983
13991
17238
10842
14107
8308
23012
15792
15397
9878
15716
14393
14925
14444
16818
8978
15054
14783
16566
16123
13217
15842
9174
12476
13350
8631
25012
14132
14788
15891
15459
15793
14187
12074
9468
15033
11890
21435
15154
17995
17176
15744
15746
15791
13635
14869
14575
8793
8576
26254
12177
13667
14994
12650
13747
13418
14885
8677
4185
15181
14860
15019
14182
13825
15865
15911
15093
12798
11584
25530
22654
25538
15836
13517
15643
15717
13406
15107
15282
9367
10943
9286
9783
9932
13952
13333
13166
13806
14250
16197
13527
14070
13881
15875
17937
18096
15844
15808
15303
17243
15731
16653
14840
14938
16542
16490
16597
16121
14127
15442
16825
17630
15374
15286
15267
21469
10743
11464
170167
8587
10122
14696
12810
17341
13798
13896
23449
24497
30422
31822
11866
48267
11187
705
1162
15152
9918
12201
13490
14292
15106
14047
7673
10169
10225
13754
12806
13476
16910
11915
14278
16555
16605
17221
16349
13086
15057
14109
15936
14992
7905
11922
16491
16301
11734
14009
13939
30236
7337
15205
8901
10902
11706
14228
14404
14594
13332
13344
13633
15626
15207
14674
15935
15700
15002
15957
15361
16981
15073
16199
9686
15295
15520
15269
15487
15989
15055
16563
15231
15394
16125
11144
15786
15682
14911
16128
15475
14533
8542
40441
13031
7934
15185
8512
13616
13483
13512
11151
14059
14871
14854
14538
10060
14299
11089
10636
11164
13511
14559
15625
14835
14001
14892
10368
17168
16766
16035
13685
14022
14015
7938
7784
14065
14939
17894
16285
14787
16394
15585
13711
17712
8130
12930
15142
15799
15164
14726
13627
12944
14891
14852
15876
12985
15450
16155
17921
15108
15990
13299
14221
17382
13784
15135
15289
10277
16699
15526
15855
15127
15421
15398
15337
14486
9355
14678
15739
14114
13505
15471
18486
9128
11119
15468
15040
15822
15855
16133
9045
12420
8708
15939
14271
14157
15641
12711
14647
15742
13175
13633
16552
16213
11475
13537
12410
7858
14217
14176
11990
14488
13778
28379
16886
17867
15935
16448
15729
12697
6939
12778
17594
13123
15312
13843
10174
15961
17307
14089
15230
16598
15146
23381
16929
14531
13663
10126
14318
10514
12452
445271
12508
14444
14834
12267
16243
16162
18970
8998
9627
6932
8042
12843
12787
17188
8069
13012
8389
13187
13445
7359
12191
8358
10655
9629
9178
13315
9625
14999
7608
13334
14719
13139
13838
12728
10433
10612
11764
8177
16147
7473
7885
12480
43960
14861
14312
14272
15503
16619
14436
36035
15471
39590
11423
15914
11889
11149
16615
11038
12143
15338
15052
15031
15078
15398
12919
16799
9349
9779
15277
13766
11212
9310
14604
15401
15488
16296
13936
13835
7496
15926
15821
13733
13987
15345
15496
13346
16334
15773
13330
15256
9347
16658
7686
7955
15142
13000
7410
10632
18628
11354
17914
13240
17143
17248
15457
16759
17877
17060
18010
14432
14088
14760
15260
14703
495853
14549
14970
15804
10874
11059
14803
14698
15620
15555
15881
15032
13069
13460
14379
8518
14811
14260
15331
14846
8841
9165
13987
14376
15008
8469
10340
7409
10732
4181
13013
13197
14595
7575
17557
15821
13063
14081
10332
15875
15742
14257
15335
13999
14924
15822
17189
15386
8602
16002
15112
13506
16054
9851
19374
17265
15299
15373
14342
11240
11920
10106
15006
14563
15566
14629
14711
14397
16039
9326
15122
4178
4660
16098
15759
8727
8862
11655
10369
18065
8665
8393
9328
9159
14191
9872
9355
7521
8774
16775
13953
8959
15603
16274
14681
14933
16467
8744
8059
7962
11935
16314
13665
32117
14248
9931
16297
12804
13256
14581
14056
15392
14930
14757
13586
13207
14775
12920
8792
15376
12534
13589
8958
14223
15570
9937
13835
15016
16982
13917
15691
12727
14793
14956
12694
14001
9021
11535
7129
7911
13707
14803
14847
14119
13178
13527
12492
28454
11294
12856
8630
16452
16572
14186
14887
15025
15153
14681
14692
17011
14739
14903
15167
15833
14797
14644
14578
14642
14502
14690
14780
15534
15004
15005
14637
13857
15775
12390
14788
17557
15728
15726
16544
15357
15041
15066
15990
8672
15374
8222
13751
16932
13275
10151
14786
14294
15701
9905
15380
13839
9611
8294
14059
16012
9112
16623
7203
14431
15675
15302
15750
16386
16555
15469
15151
16645
16410
15517
15898
14673
16691
15881
15315
16094
15512
15568
14966
13538
16217
16041
14222
16080
15677
13332
15069
16872
15566
16783
16078
15293
16558
7771
13735
14693
13943
15430
14528
14140
14358
14114
12343
12547
13635
16666
47572
12485
12483
10420
12213
16344
12896
12552
12898
14753
14393
13334
14115
14005
15467
495796
16041
14358
8181
8871
13477
12921
780410
15320
15620
13824
9620
7864
16322
14288
15818
15740
15598
8720
33281
14977
10064
46837
15030
7862
7334
12695
13813
13680
15442
12265
12209
13813
12327
13322
14377
12505
12711
10287
15534
9013
4513
4523
4650
9805
13267
12193
17570
15881
8277
41262
15310
7493
9104
13657
15194
10073
9614
16404
7595
8784
9562
13101
16374
15598
10294
15814
9107
10904
14597
9451
9654
8070
19907
100809
15742
4277
4139
4676
4278
4389
8912
10357
7664
8897
8980
15689
15605
11249
8724
14265
13587
10894
11717
19335
19550
15835
55573
44663
16096
10393
9945
15702
14591
12693
12697
13282
201645
14933
14411
14585
15698
15573
16065
15645
15119
15335
13191
14208
13217
14293
15279
11943
9118
14850
33095
10388
8310
8944
15352
22606
9699
12986
12917
13404
11076
16497
15563
13744
14250
7588
15430
15463
15408
15415
15017
11862
13885
15923
16123
7714
15573
15533
7456
10387
14169
15728
15185
9947
15391
14047
12772
14031
15326
14174
13074
13205
15142
14159
13897
16097
19000
16492
9839
9490
9619
8966
12259
13824
14253
16180
15104
14918
13281
16439
14591
9759
14417
15370
10367
16713
15816
15842
10179
15120
12975
18518
8462
8682
13834
7386
15841
8228
15469
8504
14849
10147
16064
8746
16011
15805
15667
16501
14940
15836
14783
15237
8442
12792
15306
16360
16356
15910
14693
14137
14547
16504
15295
15632
16930
15296
10594
16278
13717
16164
8629
18411
16697
16820
17498
13069
15886
16184
16464
16725
12390
14641
16344
15781
15179
14932
15067
14237
14206
17101
11607
15634
16026
14811
15778
15619
15632
17457
16091
15815
15638
14674
14577
20379
14785
7930
7285
14881
8568
7590
8384
12857
14481
14053
7842
15960
15381
9959
15112
15053
16951
15854
14177
14832
16120
14603
15936
15594
16148
15912
43101
15036
15038
15531
14451
14937
8339
16396
10184
15261
10137
16931
13872
15549
9579
9007
10975
10604
9557
9343
8665
10146
9301
8221
8810
8183
7747
9170
22624
14079
14005
15613
7461
13614
11126
16140
15401
15373
13996
15252
14382
188838
12652
12602
16187
13188
8860
15601
16534
23627
4442
4309
11442
2094
9561
16534
16659
16231
13424
15841
16872
12274
17325
13467
16176
8645
16345
16417
15981
9014
8636
15902
12754
16147
17652
16586
8623
17727
10544
7682
16656
10461
15260
11376
16040
7388
14216
9627
13663
9067
15855
11315
16665
15959
16223
7636
15497
15888
7035
15905
16392
15788
15000
18015
15506
15753
15500
16667
6924
12209
12914
14848
12400
14124
15901
9468
13069
14471
8940
7987
15794
9302
12728
9666
16428
16344
16365
32796
8059
16287
14119
9251
13610
15806
7685
15788
22285
7653
14537
12312
15193
216188
7719
15602
13028
14985
12876
17868
14476
15326
16289
17242
8469
15316
15616
7087
22352
12562
8481
7634
15621
7976
11954
9283
7815
9027
15189
8870
9364
15417
7822
12309
9045
7230
19998
15299
26757
16125
7799
13418
8917
13232
8374
13291
16345
20959
13254
17431
15009
16231
7070
15566
9610
8314
18804
16054
17943
15925
572616
13185
12894
16065
8960
16214
15233
16953
15874
15822
15748
16877
14832
13992
15226
14889
15060
15812
17405
14612
18968
16348
12787
15549
17338
15543
9117
51482
25410
12688
16397
46623
9435
15663
15208
10854
15382
16231
15269
12342
15403
14848
15018
15937
15669
20690
15532
17782
15573
11229
17686
15345
16191
16191
13812
12229
36478
9867
14535
7653
64617
12873
9680
13906
46988
15988
13386
15670
16151
14882
13587
7817
15795
14457
7422
16158
15634
400317
15176
16240
915322
13755
8243
16094
16572
16002
15529
6736
15348
14354
5013
16100
14308
15950
15759
16179
13954
15520
5407
13522
13387
14651
18586
11574
13783
6905
15148
16098
15717
7631
15094
15766
15537
15860
14767
16503
16239
14548
12588
14201
6898
8213
9573
8103
15144
16113
15454
7094
14326
11055
10984
8137
10937
10845
17281
9054
13901
16687
7176
15581
21376
7421
7670
28381
15929
12339
14030
15462
17680
29256
27675
11345
10652
12560
14685
24568
7336
9326
15103
15445
25322
15569
10110
7539
7212
14174
10399
10778
14362
13287
15985
8443
8267
8056
8986
14293
14846
14718
47736
8245
9222
9385
10775
10569
8040
244950
14569
16488
16154
17328
7821
12672
11936
12339
8500
15368
12037
9786
12624
12950
10850
11571
13619
8398
13436
6991
9006
8857
14310
12529
12631
7029
7686
16018
7722
9737
7424
9111
10106
11169
12942
15739
14976
10238
10759
14697
16250
14320
13938
16839
12076
12565
9093
10198
13645
8854
13174
7693
9042
15282
9528
8838
13069
12803
8759
7673
13807
14581
16011
16626
14551
20609
12806
7481
14852
15798
14364
13263
12979
13647
12951
14185
12994
10880
14871
12744
12519
9847
13431
12886
11314
14865
15005
14562
13522
8437
14204
14181
14232
10764
14457
13012
14174
15201
13022
11640
15730
14077
14699
10637
16796
8583
18887
7629
15419
8078
15445
20615
21448
10222
16229
10760
14301
15031
14955
15524
14575
15179
9781
14126
10739
14645
16689
9182
15772
405663
15264
13711
22433
362785
9678
15597
520304
15562
16125
15767
15295
14604
15001
12372
15307
13593
14333
12583
8387
15953
14039
16607
15395
15328
15564
16137
14988
14473
15785
16569
13753
13862
11010
15646
15153
16123
15085
12899
16562
16502
15123
15341
16062
17175
17268
13085
15661
17055
13202
16071
9776
16693
12874
13043
17038
14114
14403
15247
9850
37082
11663
4149
15692
91266
15798
15809
14885
16803
15602
15448
17296
15474
9900
15562
15928
15382
15475
15728
16593
15809
13439
16048
16061
15343
16535
16361
15974
15260
15924
15104
16533
15352
15754
16099
15422
17060
15753
20604
15600
55788
4200
13545
13048
9272
11771
15109
7485
11296
14034
16117
13190
13684
12954
12813
15945
14971
8717
15949
16697
14858
13872
13854
16082
13331
17549
13263
14089
16367
15835
14315
17092
7495
15440
13855
14786
15512
15686
13935
15536
13815
16304
15585
14514
15299
15131
16436
7585
15934
14106
15006
16737
16279
14094
15260
8419
13985
14556
22906
9599
22648
15474
22823
15449
16183
12241
15120
7899
14809
14780
15238
14924
15645
17303
16941
16544
28195
22809
16341
16587
15303
14547
14324
13846
14510
16425
14389
14858
14483
12573
15166
15314
13716
13823
15547
15686
14890
16882
15431
15548
14762
14059
13889
16454
16594
19759
15191
15396
16478
15330
12231
15117
15065
14160
10089
13878
14840
7017
14911
15761
15302
11481
14894
16239
13045
17958
14378
13856
8619
15472
84802
12979
8104
9461
15581
16264
14991
10620
12105
8061
12363
15336
14690
14142
7822
15257
11878
25789
16567
9406
7893
15670
13527
13443
15862
11060
4469
9573
14733
86760
44793
15397
380807
16006
12325
15066
1572414
16826
16063
16057
8904
15970
15753
17537
16667
16645
10986
7199
17499
7951
7187
10533
13435
9333
8556
15451
11179
14334
15665
5569
378577
18303
18173
14586
241605
17141
8802
18379
229606
16792
7951
9532
10046
229748
17223
8397
13533
9003
8390
15825
13580
14624
8570
13092
10659
8979
11385
9662
11418
7994
14491
11736
13958
14543
10939
11590
7872
8152
9040
8042
15306
12182
14232
25806
14615
17440
21880
15357
14083
14421
15671
12788
15642
12012
12581
19486
9109
10010
9405
8018
15614
11917
16380
16032
14726
8799
15222
36295
33432
14820
14272
8398
13732
15302
14932
7531
12985
7842
11356
16476
15559
7480
765553
8680
9056
14650
8405
8363
15521
15807
15796
16039
12621
14413
14750
12760
14409
14889
13832
15833
12139
2636
13145
15937
15902
10146
8971
9401
12355
36217
36955
14824
15119
15413
13374
13293
7675
17495
13912
75618
12092
12152
9604
16990
15575
16227
15996
12612
14746
16077
16900
16379
15552
10277
9433
16141
9353
14107
7283
9838
12668
7900
10571
10257
8644
9877
8267
66756
12844
16009
15998
12223
35500
28427
7661
8972
11466
13233
14509
13413
13780
15747
16407
15468
12495
101099
16448
16178
13739
15805
16222
14836
15667
14838
16153
14843
15653
13892
13313
13551
13666
14054
12959
12770
14742
13806
13946
13555
12680
13916
244943
19164
7652
8369
12820
15952
15702
15672
15677
15674
7310
15423
15692
7602
7413
7028
14469
15236
13133
12826
12828
12808
12728
12827
12829
529856
38245
15382
7366
7262
13149
9987
24163
12118
15142
9498
8968
8644
15625
16666
13201
11457
15625
15537
13495
13561
12865
13328
9163
17648
14441
8711
15071
15783
28230
13819
10922
12879
14433
8750
14793
7427
7816
7864
7565
15826
17033
16872
17052
14923
16727
15250
15595
11932
17508
15723
10300
9776
18284
12725
11190
10764
12491
16072
15508
15961
15176
13906
9409
15354
9579
18559
13691
11643
11848
15149
15163
15914
14117
11010
8149
8834
14399
18550
16197
13696
14574
8372
91504
9571
9358
14570
12631
8365
15456
14254
16111
16568
12558
8892
13750
11088
13461
13754
25999
9356
8664
9677
8519
9689
8886
8234
14716
13715
15838
15230
8525
13268
14423
7137
8721
9516
7858
17295
11422
15436
14165
15344
14157
15858
9550
10294
16716
16368
17676
15493
13291
10484
12049
11458
12727
11004
12046
14208
11792
13431
11611
15156
14779
16908
11599
14388
13968
14570
13663
14184
16036
13352
15119
17816
16602
17393
14523
13885
9950
16250
11366
13305
14985
8651
12454
14626
15218
15881
13715
15479
12589
13863
14563
12324
14471
11193
11797
13435
13346
12932
11638
11967
11016
12248
7645
10984
13817
15222
15139
15475
15398
15348
15595
15303
15204
15111
15327
15219
15340
15099
15134
15275
15057
15489
441398
15203
16540
10603
12477
12106
13465
9202
13228
10133
14113
14157
14770
14686
13103
8061
14917
10460
7292
13454
8274
7227
13879
8225
12868
13467
14806
15443
11897
13260
14162
14101
14432
14145
15194
15148
14227
14623
8644
15685
14907
8718
12915
13306
13795
10148
14367
12800
14841
15011
12573
14699
10702
16212
12240
13251
15307
11638
13436
15207
13844
15308
13587
12663
15526
14585
15709
12643
9167
8144
13784
15180
14441
15833
15833
11196
8104
15502
16255
15190
16641
15862
16923
13559
16993
14888
12871
11622
13109
8268
15669
13376
27482
29512
33442
15519
13741
15553
11537
13712
31811
11132
13486
14140
11943
11854
14878
14837
12420
13548
11882
11689
13193
8246
15798
26080
12700
7462
9589
14918
11879
11705
11126
14777
12952
13456
15546
12634
13632
12280
13262
13923
18228
16981
14714
13102
15025
9638
9538
13742
13366
11438
13094
13011
10743
13537
13358
8635
15871
14240
10278
15918
16310
16319
14167
12840
9075
8225
14481
16556
14103
13475
13563
10305
11978
33813
7892
16399
16170
16233
16132
16725
14495
14529
4245
13462
4436
14521
16386
23300
14566
9145
11075
9890
9456
10028
13811
13711
18433
14728
17072
13695
15544
14953
14971
13822
14450
27736
14583
15961
47059
16705
17051
10773
19110
15060
13963
10947
9900
12243
7847
20192
10810
16321
10261
10963
16722
12202
14060
14541
15647
13373
11925
10856
12779
14072
12542
10263
17599
14094
15610
14700
14852
7865
15974
15908
13161
9216
14635
14084
9628
16041
10962
7906
26243
28429
30594
7743
11085
9567
16436
9646
15385
22031
15826
15445
9522
10096
14795
13827
16270
11648
14979
15210
16401
16568
496124
17039
7212
8060
12676
8479
12175
9594
13438
7626
10985
16072
34372
14769
11237
13652
101421
7677
15411
15730
13839
16573
6693
15418
7476
13813
10237
11890
9124
14785
12752
16874
19003
9036
16857
14104
26583
12547
17949
12893
16952
12812
11663
14398
12897
14066
14424
12525
12879
12839
10644
268401
8910
15189
413419
9976
16436
14872
15971
13448
15483
15645
8147
8019
41006
13134
9882
9388
7335
10786
16125
78763
15470
14747
15162
11451
15662
11748
9486
12192
13954
14684
8914
13157
8927
12883
13765
14841
14918
13114
13568
9514
15288
15469
13914
14894
9839
15078
15974
15006
13874
15558
15308
13567
14522
13874
16151
13140
4518
4520
7469
13244
8881
14224
10635
15120
9635
14313
7834
12837
17004
16168
17103
17570
17487
12685
15227
14364
14937
13877
14336
14878
12637
13107
13016
13430
12898
12695
12907
12314
11757
11745
12558
12713
12467
14978
19259
14228
8820
10398
8466
8123
15223
13168
12820
13285
11130
12016
11657
8176
16412
16625
8272
7835
7829
10236
9245
8413
9848
8756
12707
8602
7975
9362
8665
8668
8501
8607
9066
13837
14000
12286
10998
15657
8586
9715
13644
11154
12743
17623
15828
8449
8523
8615
6448
8503
8741
8645
8642
7885
16148
15542
8944
9988
15867
11060
10506
10661
9814
16925
15739
15528
15701
15860
15501
12703
15886
15765
15708
15919
15510
15923
15907
15740
15829
15685
14561
15876
15749
15708
16165
15333
15542
8399
14224
14811
11994
12876
25512
15340
16247
15503
15094
11085
15723
9037
12571
11348
14951
31711
14524
8791
15431
15593
14805
12726
16099
15530
13429
15319
8287
16399
16411
7882
9792
14713
16187
424855
15831
14616
17037
390828
14827
10056
14053
11926
15593
9528
15183
13767
14251
15678
14482
14691
14643
6982
15954
51318
21069
16354
82275
15642
82408
15333
29107
56741
55299
15032
40452
12443
12679
12510
15402
15462
16059
17324
13902
14904
14561
16192
11927
14712
13361
14670
12755
13481
12060
13733
14091
8922
11125
9968
11155
11141
7261
10153
15511
11001
10782
9777
9743
14557
15315
13111
16121
15672
7374
7908
14145
14642
15085
14651
14603
13308
14595
15458
14672
12658
16253
14488
14590
16924
16690
16487
17051
17092
17276
15350
14002
7515
13599
14915
14958
14163
13962
14521
15791
15383
14858
13367
15570
15041
15368
10041
7931
8245
9037
9237
9753
8902
10669
14017
9719
9437
11896
9072
19363
16049
16529
15843
15195
16194
8514
16184
15817
15603
15099
15963
15553
15390
15399
15823
8362
15683
15462
14336
13860
14448
12498
12701
14267
12916
15990
12932
12700
14054
12406
13820
14022
14107
13703
14165
14204
14543
15079
14230
14665
13692
13856
12899
14327
14585
14707
12761
12596
14667
13263
15561
13236
13241
13197
13263
13098
13209
13380
13021
12540
8785
13792
14219
13701
13549
13377
13594
13587
12834
12251
11476
13231
14338
14093
13500
13157
13222
12764
14155
12930
13555
14596
13913
14193
13665
14074
13442
13850
14024
13688
12879
13005
15109
13341
13717
12919
13187
13102
12783
14368
13940
13724
13393
13313
10841
13705
13470
13649
13435
13544
13673
13028
16207
16236
16220
9158
16133
15456
16116
12634
8227
8601
8675
9310
9163
9841
30148
9402
9062
8899
33998
14193
10739
13290
14024
13617
15277
15073
15857
15629
15551
15735
15752
16182
16761
15587
16258
15211
15481
15445
15021
18747
18252
18159
18549
18368
16074
18227
15647
18090
18121
18264
18763
15626
16085
13880
13270
35433
13682
13731
13968
13573
13456
14021
14261
13917
14034
14069
14596
14635
14346
13534
13950
14404
14189
12419
12412
11196
13779
13872
13698
13842
13592
14908
14512
14287
13273
13092
14671
12744
23724
12174
12296
13795
14080
13811
12935
13752
13649
8265
8392
13489
13375
13799
13347
13819
15541
15635
16069
15549
13582
10815
23221
398488
33575
12499
16181
15194
15599
15662
12852
12398
13342
8895
9113
7833
7572
8920
4844
15290
11713
12654
16178
16134
16113
16119
16224
16083
16156
16181
16142
16176
16111
14229
15084
15068
15774
16013
16635
16058
9369
410295
63204
13344
14384
16607
16526
15334
14064
15893
16088
16509
15631
15111
35299
29984
54523
50827
15149
7376
33651
7229
8766
12298
7277
12306
9867
9074
7720
7604
7131
9462
15954
14408
13135
9108
8965
14101
9624
14613
15142
104979
11937
15967
15387
15340
13426
8024
10119
11916
7698
15390
9121
11479
12949
16461
7164
13580
15790
16348
7944
9516
16558
12798
8696
14664
15536
16402
8954
13007
10159
9371
9309
96232
16379
17014
15717
14109
9708
12427
16799
4572
10960
14705
13815
15200
15037
15118
14819
16193
14154
14627
15746
14717
9431
9169
16311
17881
10634
10261
16173
7702
9413
10719
16024
13665
15458
14499
13947
14129
15869
14950
12610
15090
15064
9745
16258
16239
6744
15174
14754
14274
15578
14851
12526
14287
15049
10993
14661
13824
15525
11688
11089
13271
12561
12377
14599
14275
16008
15216
13092
26585
18746
30834
17919
41106
18467
25107
31427
16132
22762
36714
21274
16553
15559
13763
12018
25557
49865
15739
14228
17928
22705
27224
42105
19278
16177
18229
30312
14891
34633
7608
28445
28037
7872
8259
28944
12843
31865
28675
28917
15792
15784
11484
11702
10425
11762
12118
15217
10462
7225
13348
12213
12001
13127
11738
15834
20668
15211
14950
16026
17624
7165
16103
15550
14767
15446
7354
15275
15124
15788
10147
14657
6980
11615
7967
8117
15575
15813
16495
15452
15459
9060
15824
16728
15800
13743
14940
8328
15597
11623
14679
15514
14415
15236
15616
15974
15150
12585
16106
10517
10291
9500
14882
7882
16898
7806
10852
11225
18604
14152
13854
28511
15431
44293
23399
101352
15926
11620
32638
30225
7166
28611
7449
12382
15719
15056
13768
17182
13980
14523
7071
12596
14346
12748
8858
15755
9129
17093
44951
101204
14921
17381
22587
10620
9521
7740
14452
8217
9845
10236
9766
9953
11363
11744
7495
12390
9446
10105
15440
15648
7403
15612
13985
12694
7434
12448
16382
9056
11623
14487
11817
12018
14758
10947
7134
15715
17493
8480
14448
16850
14725
8198
10429
13708
13827
14912
7798
9186
15373
13642
15432
14694
7941
13753
11257
15789
12879
12979
15029
22059
14762
101216
101090
15881
198206
16337
15735
30526
16363
17155
101945
15258
101467
14137
68155
23551
15378
16159
12076
7787
7592
7348
7144
7245
7312
14928
15097
15910
8965
10875
9263
10767
11333
11366
11443
7921
10732
11016
11026
15438
11202
10940
10447
7637
7470
8996
13320
7188
15512
13106
15463
16150
15525
15779
12902
15413
10381
10535
15658
16518
16279
16620
7234
15049
14283
14613
14294
15890
15568
15651
16704
15313
14266
11088
7029
16574
14026
9920
12746
12964
15707
15305
13283
65619
14709
15197
14891
13326
15473
8803
15664
15605
7299
17376
15687
14552
7645
7758
7874
8885
11597
10862
11036
13971
7611
14114
15341
11264
8096
12601
15193
15187
15652
7826
12958
10796
15106
14731
16316
16377
17053
17640
54278
14291
17166
17661
17431
15135
7661
7398
10954
8073
14845
11164
25628
15491
103892
100518
97571
98520
112399
14937
129199
17126
100451
104224
16017
10572
16325
7248
7695
7505
7424
49814
7395
16994
16993
17169
109271
9874
14567
50725
18525
18899
16254
16533
16716
20315
15686
15582
12472
7494
13743
7628
12720
37352
9153
8767
7522
7440
15820
15812
15867
15549
14220
15584
15199
15961
7766
16705
15016
7291
15229
9335
65460
10154
8835
9810
12113
13407
15112
15534
9497
15608
12970
15750
14437
13217
15400
15930
15981
15997
13706
16159
14036
14347
15750
16103
16275
10909
11458
11563
11294
11495
11467
11751
11270
15784
7672
8903
14627
10566
90271
11428
11276
14400
14683
7750
18270
15672
14859
11552
14948
15670
16862
16201
11130
16268
16188
10970
15832
15492
16048
8892
14837
676483
567224
8548
7044
674016
13581
8761
7409
15241
27852
16025
14586
15395
14491
14683
7830
14742
14680
14876
10170
15696
13273
15882
15027
13603
11313
13699
16745
20344
24079
28833
15556
36232
99995
7639
15026
27453
13014
13747
15851
17194
15981
12449
23811
16702
14036
14311
13062
14717
15523
15220
14539
8011
14862
7951
15008
14719
14944
14548
14943
12975
15738
16637
16624
15121
7836
8607
8026
8853
7886
15477
15401
15123
15777
15535
13742
13117
13411
8375
9395
14944
15461
7200
15118
8635
14596
13772
15733
8039
12406
13789
11214
14365
15528
9922
15759
15187
16013
15925
15224
15812
9382
12651
15164
15729
16543
15474
16068
14821
16048
12894
11952
9827
15002
15255
16331
12725
9401
8095
16808
13155
15763
14728
13343
15538
29947
15260
15363
13398
15315
15731
15555
16686
15222
10144
13026
15633
7946
14836
9932
7554
10255
10621
14728
16246
100382
15811
13621
7721
15864
15726
15536
9314
8004
11131
9508
13542
12469
15464
13767
16005
10370
6655
9898
17677
14144
15924
15931
18190
15009
14917
17850
14211
15805
14012
14073
14872
14999
15859
12804
7490
15737
6918
8441
12360
15783
12560
14969
13749
15036
14990
13833
6867
7068
6995
6979
10697
8714
10912
67971
16084
16556
15990
96034
12959
48733
38393
19643
16146
12863
82310
23643
8226
13371
12243
9073
9796
14587
15551
16201
14481
15673
15310
14759
15772
13751
14603
15022
25155
19410
28642
7684
15791
12803
14061
15681
15547
10704
11132
7043
15660
14765
14179
16835
8272
8277
15327
10867
9607
15606
15925
441950
14069
16252
24950
17288
14593
12374
105568
15916
97315
14475
20284
17083
12779
16117
11893
14953
16303
16677
13976
15407
8972
16936
15922
16993
15473
13431
13028
16181
7757
14470
16139
16179
13648
11423
7812
12644
14681
14916
15635
15922
16302
16802
15267
15440
15807
13098
13313
12008
14069
8713
9865
11961
15777
13943
16069
8758
7954
15402
16553
14518
16656
16218
7951
14522
16534
16375
16253
15648
15945
16184
13216
16558
16614
7914
8498
41880
15520
16216
15346
15179
16018
9477
15752
8513
8673
9534
10187
10025
8664
8397
12415
8861
8679
12060
16706
9858
8846
9221
15739
16553
16147
10301
13140
8303
7763
14650
15737
16113
15377
37496
12732
28179
28165
14966
7356
26646
12238
13085
14790
9664
8480
16074
15293
9216
9429
13992
16670
16324
9374
15085
13455
14448
14245
7397
15070
16071
16191
16458
15120
14657
15313
12540
15114
15976
15652
13055
15757
9985
13169
17486
16210
15645
14161
18889
15944
16324
8007
15848
16232
10314
11261
10972
8299
8272
12521
15576
16054
7419
14403
8332
8346
8401
8485
8503
8433
7919
13791
8383
8216
8081
8495
8145
16191
11216
8514
15364
10933
16170
15563
15475
16475
14310
16407
13557
13516
15168
16006
14280
12731
15901
8927
14989
15826
16184
16023
16206
15593
15956
16129
12997
14315
14577
15328
15117
14852
15557
13742
13920
13669
14209
14188
14155
12411
14335
13759
13818
14312
13804
13786
14080
14675
13715
14281
14665
14090
14037
14035
14716
13926
14046
13727
13451
7505
15048
13659
16187
9313
7841
14789
9543
12469
13436
13473
12946
12610
13159
12700
13498
12785
13456
16315
7453
14438
11228
11242
7151
8051
16225
13876
13782
9446
9314
15122
9477
44664
25756
16216
4354
14884
17596
14972
15898
15190
9935
15675
8661
8350
16239
8086
16493
15774
15639
15608
15722
16010
16953
14259
9027
15013
12880
16272
15053
15088
14821
15535
14016
15476
16101
16088
13967
14775
16159
16225
14456
8032
10921
10581
7373
8123
7770
15969
12375
15300
15544
16040
14782
15087
14853
16018
15451
13651
14591
16166
8609
15856
15612
16025
7586
9164
14842
12979
6945
12506
7457
16116
14926
10055
7672
15212
16225
16483
16177
16239
15029
8442
8149
8484
9430
8904
8993
10811
16179
8651
8559
8133
8708
8548
10494
9120
9383
8552
9004
7976
16243
9856
9639
11455
10514
16110
15328
12547
9280
10292
7964
16177
13996
16245
576621
15822
15577
15185
16973
13669
12263
12450
12964
1205127
14895
17493
13247
14758
11702
15560
13445
12833
13075
15001
11864
10783
15297
11084
13427
11784
15495
15597
14558
15952
9913
15749
8246
13232
49048
14575
17454
15151
15947
100511
100580
7957
34725
24310
101273
15889
649153
14383
7720
14478
15304
8833
7813
9645
15623
17085
14755
15629
12388
8884
17485
17572
15022
15011
14803
7322
7332
7531
14976
15585
15903
9809
10041
10048
10616
16341
7031
16397
13867
15105
13717
14871
15454
17769
16477
16209
13413
9697
15864
15368
15429
15551
15824
15280
14690
15014
7899
7984
10421
9750
12747
8553
14521
15692
13034
11623
12827
12726
15899
15579
9490
9322
11278
17524
16249
16335
7757
14963
8007
16376
14638
10032
10924
13953
7255
12530
8135
9946
17632
9581
14487
15516
16279
17610
7973
11675
274144
14735
36542
7462
15505
14585
16079
16599
13788
12393
9473
9134
16138
12729
14544
15939
15294
15351
13117
16407
15963
13577
12841
15613
12735
12929
17681
16187
16342
9050
11115
11270
15019
14721
11908
9971
14997
16156
15954
16147
16277
10546
15248
13847
16037
14289
7259
16673
15259
14735
16755
10210
12666
13351
17211
12903
15355
16266
12677
8636
11221
13831
13425
15751
13210
15265
15794
15752
7806
7519
11508
7273
8636
8056
8158
8086
8430
7785
8967
7942
7606
16125
7956
9064
16574
8710
7948
10843
13418
15703
15436
12332
14061
14470
13701
15305
6992
8396
8244
7562
7497
8121
7726
14753
15982
15747
17405
9391
8930
9702
15616
15479
15057
16421
15114
15494
12842
15731
13498
13250
16849
8401
8116
15833
14672
15991
16258
15122
10833
15340
42245
179875
15788
599323
15508
15479
15497
15219
51307
19217
15051
441399
14383
14874
15128
528616
14190
15444
15604
382494
15625
8698
8400
11898
15867
10396
10457
11327
11288
34894
13036
9107
14901
15201
15277
16269
14280
8712
15886
15536
84458
15960
14517
14582
14894
13923
15470
9345
9368
15624
9563
11247
10869
7389
14634
14736
14936
7970
17018
16068
19057
16168
16385
8793
8143
16045
8992
14227
7618
9100
18123
19308
16053
13314
7260
15379
14678
11598
16452
15060
435012
13793
14590
15419
13835
14797
15385
15083
15008
15077
15359
15333
15337
778333
500575
100548
15471
15066
12429
9064
23844
19114
15033
15417
13446
10455
7239
7770
9833
7443
15388
16250
13308
15169
10265
10586
12672
16127
15908
13344
7696
15566
17361
17719
13105
17018
12421
11510
11361
11645
11432
11290
11159
10859
11149
11082
7369
16401
12476
15302
15276
11299
15231
9280
12589
18820
15450
13500
14776
14165
10575
8237
15936
15351
15654
14999
15490
15158
15682
14496
14486
15116
12743
14642
14622
14681
14687
14519
14440
14442
13637
15771
13605
15399
15405
14206
25673
18381
316891
13509
11292
14959
12701
777912
16888
16934
15537
17406
16600
16343
16152
15664
14968
17557
17218
4150
14939
26879
41698
7744
9896
9035
9931
10119
14285
15379
15223
15136
15154
15750
13912
13995
13354
13503
13459
13138
13168
15462
13093
13936
13791
13623
13040
12947
13198
14085
13149
12773
12731
10490
12624
14542
15101
9903
8523
11434
13538
8380
13938
8740
15270
10430
13439
8770
12447
11701
12849
8073
15038
13681
8505
14295
16034
13198
9391
10929
7713
8916
10484
15079
15038
15248
11400
9373
13624
12866
13963
14987
16207
15998
13784
15163
14379
15099
10015
8795
15098
15404
15884
8619
14255
8212
10459
7618
12538
7758
10416
8518
15229
17650
16728
15065
16075
11899
15077
14554
13050
9956
12912
11690
16030
15967
15321
17034
15032
7041
16140
13460
15126
15177
14615
13876
10864
10798
10899
10817
15148
7828
9647
13782
8735
14554
7289
11045
8790
8832
7663
8761
8859
16551
14959
14572
12145
11046
9227
8591
7298
9928
10752
9776
15598
14949
14918
15624
7663
19277
12241
15171
15079
15098
7951
13349
12321
12384
13284
13902
13442
12912
12807
13370
13054
16864
9344
15182
16924
14347
15965
15626
8290
15833
16842
15773
16564
15488
17007
15714
15783
7926
15761
14397
16398
15878
15184
16800
14903
16797
15304
17444
18790
9236
8546
13721
14294
13980
13112
13041
14250
15065
14237
13626
14330
14246
12534
11650
13512
12817
13922
13747
15892
13200
13358
14709
14158
14169
14108
15596
13763
12880
13708
15901
13133
15720
14671
15110
15909
16192
8161
17990
16282
10235
7181
10558
15954
16340
10311
11566
15798
14460
16583
15638
15074
15260
15773
10719
15235
14244
15617
9446
16606
15277
15622
12630
14746
15270
15019
15646
15265
14178
14684
14922
15468
16636
15614
15521
14712
16668
14654
14415
9038
9208
8764
7276
15101
13491
16394
15643
14386
11602
26374
8074
14186
8423
8278
13381
8310
12660
15631
14168
9240
12607
9308
14034
15975
8731
7663
13672
12261
8416
8744
8815
9946
7498
14880
15587
16179
8293
15500
10501
15890
13724
10816
16617
9691
16198
15745
13660
16003
15072
9496
9222
15109
16159
15306
15282
15840
16161
13809
16161
13130
13203
7852
14900
15640
14302
11385
7350
8790
14939
11851
16105
16046
15916
16725
12457
10309
10890
12350
10858
12118
13343
17268
16563
19469
16289
17173
7124
16254
15225
17116
16311
8018
15366
18602
684328
12685
12852
13515
12383
15800
13997
11959
8286
12663
16206
15401
14170
15355
13754
14196
14888
17916
18589
13613
16738
15208
13549
10620
9898
13665
9227
14560
14848
7468
14612
10875
12844
8670
11841
9500
24983
15810
11262
16544
10945
15972
15921
8584
9018
13320
15934
16404
12302
9818
6810
16838
9967
16830
8914
4534
78082
9822
15917
17908
45875
13791
15369
15645
22454
23980
21264
9202
15471
50279
27340
58237
8618
36989
17485
11721
28944
27200
16657
14282
16124
23718
14874
18973
16980
15480
14647
15743
14842
14478
14648
14047
14360
13679
15199
7841
7457
7675
14302
14076
13780
10835
15535
8320
15601
8143
14217
12043
12413
11612
11807
10897
12343
8948
11933
14494
8840
13383
15425
16092
14973
8607
8736
16998
14837
15422
15016
13760
8443
8251
7966
12214
15017
7780
16496
14608
13218
16081
12464
16140
13962
9217
13056
13569
8000
13487
15603
28311
14042
28001
28166
28145
28245
7055
28179
78194
7630
70047
28176
73562
8183
14114
50611
19495
8780
18691
8316
43644
12274
14481
9004
12668
15045
9720
56665
10173
17275
10664
8914
10705
14270
11228
8292
7941
11105
11429
8520
8328
9679
7406
9536
69196
8516
9895
8939
9851
15803
8060
10246
16381
16357
16847
16892
8423
9358
15889
7094
15680
17212
16434
16314
8370
15718
10008
15673
8452
6968
7635
12961
7881
9134
16491
7528
8334
16327
16316
8341
8079
10382
8184
15758
7457
8651
647398
15797
8664
15365
15204
8431
7293
10269
14714
41131
12938
34559
42641
7720
15384
674111
11897
13899
7531
7350
7286
32346
15516
9897
16541
18928
16152
16592
17997
15890
17935
17465
14640
17250
12216
10871
10276
686891
26750
15130
15419
17402
13548
16587
241375
17611
16704
16820
12359
496351
15177
7954
