100008
1000389
1001036
100241
100411
1005438
1005647
1005834
100585
100797
1012395
1012606
1012819
1013028
1013222
1013417
1013611
1013805
101480
1018461
1023013
1024213
1024422
1025010
1025482
1025683
1025892
1026113
1026316
1026521
1026749
1026971
1027178
1027377
1027572
1027785
1027972
1028187
1028380
1028597
1028816
1029012
1029217
1029416
1033177
1033502
1034405
1035325
1036632
1036843
1037067
1037277
1039
1045510
1045650
1048974
1049168
1049377
1049590
1049799
1050010
1050218
1050427
1050636
1050840
1051047
1051254
1051448
1051655
1051847
1052055
1052265
1052473
1052751
1052926
1053136
10567
107227
107398
1078133
1101001
1101211
1101409
1101979
1102179
1102620
1103931
1105242
1106551
1107857
1109166
1110476
1110672
1110885
1111493
1112043
1112260
1112468
1112676
1112869
1113054
1113283
1113469
1113680
1113892
1114104
1114314
1114525
1114735
1114947
1115163
1115379
1115587
1115793
1115965
1116167
1116376
1116587
1116796
1117000
1117210
1117409
1117628
1117821
1118006
1118195
1118388
1118570
1118778
1118998
1119200
1119409
1119618
1119827
1120036
1120244
1120461
1120670
1120878
1121093
1121278
1121486
1121694
1121910
1122453
1123344
1124155
1124966
1125935
1126799
1126995
1135480
1136789
1137751
1138065
1138378
1141380
1142021
1142337
1143208
114321
1143521
1143835
1144148
1144461
1144774
1145087
114525
1145400
1146690
114716
1147300
1147500
1147716
1147932
1148129
1148323
1148533
1148707
1148880
1149089
114926
1149298
1149507
1149716
1149924
1150133
1150342
1150551
1150760
1150969
1151178
115124
1151389
1151598
1151807
1152016
1152223
1152434
1152643
1152852
1153061
1153270
115341
1153479
1153688
1153896
1154104
1154313
1154522
1154731
1154940
1155149
1155358
115550
1155567
1155776
1155984
1156193
1156402
1156611
1156820
1157029
1157238
1157448
115745
1157657
1157866
1158075
1158284
1158494
1158704
1158914
1159124
1159333
1159544
115954
1159753
1159963
1160173
1160382
1160591
1160801
1161010
1161218
1161427
1161636
116165
1161845
1162054
1162262
1162470
1162679
1162888
1163097
1163306
1163515
1163724
116377
1163933
1164142
1164351
1164560
1164769
1164978
1165186
1165395
1165604
1165813
1166022
116615
1166231
1166440
1166649
1166858
1167067
1167277
1167486
1167695
1167904
1168113
116826
1168325
1168534
1168748
1168957
1169166
1169375
1169585
1169794
1170003
1170212
1170421
117044
1170630
1170844
1171053
1171262
1171471
1171680
1171894
1172103
1172317
1172525
117253
1172733
1172942
1173151
1173360
1173568
1173777
1173986
1174194
1174403
1174611
117464
1175243
1175988
1176306
1176624
117672
1176797
1177054
1177259
1177468
1177677
1177886
1178091
1178302
1178542
117863
1178753
1178963
1179160
1179371
1179583
1179780
1179983
1180186
1180387
118055
1180596
1180809
1181004
1181211
1181422
1181631
1181851
1182067
1182272
1182518
118253
1182734
1182950
1183165
1183380
1183595
1183812
1184027
1184241
118434
1184430
1184638
1184853
1185628
1185903
118633
1186377
1186997
1187612
1188671
118939
1189782
1190000
1190474
1190921
119121
1191274
1191467
1191664
1191851
1192059
1192236
1192444
1192652
1192866
1193057
1193247
1193438
1193629
119368
1193853
1194079
1194287
1194488
1194698
1194867
1195123
1195356
1195530
119556
1195742
1195945
1196140
1196339
1196517
1196725
1196934
1197139
1197355
1197573
119765
1197786
1197984
1198175
1198384
1198593
1198802
1199011
1199220
1199429
1199604
119970
1199813
1200014
1200189
1200396
1200602
1200799
1201010
1201206
1201446
1201693
120179
1201891
1202077
1202272
1202492
1202657
1202853
1203062
1203271
1203473
1203693
1203900
1204127
120417
1204339
1204546
1204725
1204914
1205350
1205786
1206222
120672
1207132
1207459
120880
121085
121273
1213654
1214150
121461
1216053
121669
1217401
1217594
1217882
1218076
1218281
1218490
1218688
121879
1218897
1219107
1219304
1219512
1219720
1219933
1220170
1220381
1220578
1220780
122080
1220991
1221185
1221385
1221594
1221791
1222000
1222205
1222386
1222584
1222793
122281
1223018
1223253
1223465
1223682
1223875
1224083
1224294
1224506
1224718
122475
1224930
1225139
1225337
1225535
1225733
1225943
1226141
1226353
1226552
1226746
122684
1226954
1227163
1227371
1227579
1227787
1227995
1228203
1228412
1228620
1228815
122893
1229043
1229263
1229476
1229657
1229870
1230079
1230287
1230478
1230690
1230898
123102
1231117
1231310
1231515
1231720
1231919
1232123
1232329
1232527
1232738
123284
1232936
1233135
1233332
1233524
1233732
1233941
1234149
123466
1235264
123648
1237651
123830
1239208
1240122
124013
1240312
1240645
1241032
1241111
1241584
1241988
124202
1242171
1242351
1242533
1242741
1242950
1243159
1243347
1243552
1243750
1243920
1244081
124411
1244240
1244398
1244592
1244798
1244995
1245203
1245411
1245619
1245827
1246037
1246228
1246419
1246610
124664
1246801
1246983
1247194
1247403
1247602
1247802
1247
1248011
1248221
1248434
1248647
1248858
1249067
1249277
124933
1249491
1249700
1249910
1250122
1250332
1250542
1250752
1250962
1251171
125135
1251381
1251595
1251804
1252014
1252224
1252434
1252644
1252854
1253067
1253277
1253489
125348
1253699
1253911
1254121
1254331
1254541
1254751
1254961
1255170
1255380
125557
1255589
1255798
1256007
1256215
1256424
1256633
1256841
1257050
1257259
1257467
1257677
125770
1257887
1258096
1258305
1258512
1258721
1258930
1259139
1259351
125953
1259555
1259741
1259950
1260162
1260375
1260574
1260783
1260986
1261189
126135
1261386
1261580
1261785
1261984
1262184
1262377
1262580
1262781
1262979
1263177
126319
1263387
1263597
1263800
1264007
1264191
1264369
1264553
1264744
1264934
1265122
126527
1265310
1265498
1265686
1265874
1266062
1266250
1266438
1266626
1266814
1267002
1267190
126734
1267378
1267566
1267754
1267942
1268130
1268318
1268506
1268694
1268882
1269070
1269258
126942
1269446
1269634
1269822
1270010
1270197
1270385
1270573
1270761
1270949
1271137
1271325
1271513
127152
1271701
1271889
1272077
1272265
1272453
1272641
1272829
1273017
1273205
1273393
1273581
127361
1273769
1273957
1274145
1274333
1274521
1274709
1274897
1275085
1275273
1275461
127554
1275649
1275837
1276025
1276213
1276401
1276589
1276777
1276965
1277153
1277341
1277529
127763
1277717
1277905
1278093
1278281
1278469
1278657
1278845
1279033
1279221
1279409
1279597
127966
1279785
1279973
1280161
1280349
1280537
1280725
1280913
1281101
1281289
1281477
1281665
128175
1281853
1282041
1282229
1282417
1282605
1282793
1282981
1283169
1283357
1283545
1283733
128373
1283921
1284107
1284295
1284483
1284671
1284859
1285047
1285235
1285423
1285611
1285799
128588
1285987
1286175
1286363
1286551
1286739
1286927
1287115
1287303
1287491
1287679
128785
1287866
1288054
1288242
1288430
1288618
1288806
1288994
1289182
1289370
1289558
1289730
1289946
128996
1290160
1290355
1290547
1290738
1290929
1291120
1291326
1291537
1291715
1291921
129192
1292847
1293642
129401
1294080
129599
1297553
1297764
1297969
129798
1298174
1298383
1298588
1298797
1299010
1299209
1299406
1299611
1299817
129995
1300024
1300236
1300431
1300623
1300834
1301043
1301257
1301462
1301663
1301836
130191
1302042
1302218
1302430
1302640
1302859
1303065
1303257
1303658
1303848
130390
1304033
1304276
1304488
1304694
1304907
1305113
1305319
1305525
1305736
1305928
130602
1306164
1306372
1306549
1306751
1306958
1307166
1307378
1307586
1307794
1308002
130813
1308211
1308436
1308650
1308862
1309070
1309279
1309488
1309694
1309902
1310115
131024
1310323
1310548
1310741
1310933
1311119
1311344
1311667
131233
1312722
1313078
131440
1315049
1315505
1316001
131663
1316949
1317145
1317348
1317481
1317677
1317907
1318113
1318321
1318530
131859
1318739
1318949
1319162
1319350
1319558
1319766
1319971
1320162
1320354
1320561
132064
1320773
1320982
1321193
1321401
1321599
1321797
1322005
1322198
1322393
1322567
1322783
132279
1322995
1323206
1323419
1323634
1323848
1324059
1324270
1324485
1324698
132487
1324911
1325126
1325341
1325554
1325765
1325978
1326194
1326405
1326616
1326828
1327042
132710
1327256
1327471
1327666
1327879
1328088
1328297
1328508
1328743
1328981
1329189
1329384
132948
1329594
1329785
1329994
1330224
1330436
1330634
1330832
1331030
1331228
1331442
1331656
1331866
1332074
1332291
1332500
1332677
1332864
1333074
1333259
1333468
1333676
1333849
1334054
133418
1334270
1334504
1334698
1336004
133616
1337517
1337729
133814
1338209
1338396
134012
134193
134403
134612
134821
1349113
1349317
135030
135237
135433
135641
1357912
135835
136044
136253
136462
1365967
136669
136869
137186
137377
1374024
1374235
1374404
137589
137771
137982
138191
138400
1384148
1384467
1386079
138612
1386290
1386489
1386686
1386884
1387095
1387299
1387501
1387704
1387903
1388111
138821
1388313
1388515
1388726
1388953
1389162
1389371
1389580
1389761
1389969
1390173
139030
1390378
1390585
1390797
1390998
1391198
1391399
1391608
1391818
1392006
1392215
139239
1392451
1392663
1392893
1393119
1393312
1393539
1393745
1393951
1394161
1394369
139448
1394577
1394751
1394925
1395099
1395305
1395506
1395716
1395935
1396143
1396355
1396567
139670
1396779
1396994
1397364
1398683
139874
1399086
1399196
1399251
1399265
1399280
1399368
1399597
1399780
1400363
140084
140294
1404728
140504
140678
1407123
1407438
1407775
1407988
1408196
1408368
1408577
1408786
140886
1408995
1409234
1409448
1409670
1409882
1410104
1410530
141093
1411144
141302
141510
141714
1418269
1418671
141925
142137
1422793
142343
142552
1426969
142762
1427832
1428046
1428914
1429385
142971
1429873
1430405
1430601
1430804
1431002
1431194
1431366
1431545
1431725
1431896
143193
1432069
1432241
1432414
1432588
1432760
1432940
1433112
1433291
1433504
1433700
1433894
143401
1434091
1434315
1434523
1434731
1434936
1435140
1435333
1435535
1435738
1435938
143612
1436135
1436339
1436532
1436731
1436930
1437131
1437338
1437537
1437736
1437938
1438137
1438335
143849
1438535
1438728
1438928
1439127
1439328
1439538
1439739
1439958
1440164
1440383
144039
1440592
1440801
1441007
1441223
1441431
1441607
1441790
1441983
1442161
1442339
1442549
1442758
1442969
1443146
1443348
1443556
1443762
1443961
1444160
1444366
1444554
1444772
1444975
1445178
1445390
1445600
1445810
1446022
1446232
1446442
144646
1446652
1446862
1447074
1447284
1447495
1447678
1447888
1448095
1448301
1448510
144857
1448774
1449036
1449251
1449460
1449670
1449878
1450088
1450297
1450507
145067
1450715
1450927
1451138
1451350
1451562
1451771
1451978
1452189
1452402
145247
1452611
1452820
1453011
1453222
1453430
1453642
1453852
1454063
1454268
1454493
145452
1454690
1454898
1455111
1455320
1455532
1455709
1455900
1456105
1456314
1456529
145656
1456746
1456956
1457165
1457401
1457649
1457890
1458131
1458374
1458615
145873
1458852
1459088
1459300
1459503
1459701
1459906
1460107
1460304
1460511
1460709
146076
1460919
1461128
1461327
1461515
1461722
1461928
1462142
1462356
1462566
1462775
146279
1462989
1463189
1463414
1463626
1463833
1464044
1464253
1464463
1464678
146483
1464917
1465405
1466436
146688
1467332
1467645
1467863
1468036
1468837
146891
147093
147307
147511
147713
147916
148127
148337
1484458
148547
148753
148990
1490257
149199
149387
1495837
149596
1496046
149793
1498086
150005
1500076
1502102
150219
1504131
150426
1504367
1504579
1504788
1504997
1505206
1505415
1505616
1505809
1506001
1506192
150636
1506401
1506605
1506811
1507391
1507565
1507759
1507966
1508189
150838
1508423
1508660
1508911
1509138
1509347
1509549
1509756
1509961
1510164
1510373
151050
1510583
1510791
1510997
1511198
1511404
1511608
1511816
1512017
1512229
1512438
151258
1512657
1512848
1513040
1513231
1513441
1513654
1513878
1514051
1514260
1514470
1514664
151467
1514867
1515074
1515283
1515492
1515701
1515886
1516089
1516298
151673
151882
152084
1521956
1522165
1522375
1522587
152278
1523094
1523302
1524155
1524451
152494
1525401
1525883
1526479
1526688
1526897
152703
1527103
1527316
1527535
1527733
1527931
1528132
1528334
1528532
1528720
1528926
1529134
152926
1529362
1529548
1529765
1529985
1530201
1530415
1530611
1530808
1531005
1531213
153133
1531407
1531618
1531834
1532066
1532274
1532462
1532665
1532862
1533059
1533470
153406
1534260
1534473
1534883
1535349
1535809
1535885
153613
153823
154033
1541181
1541389
1541598
1541806
1542014
1542222
1542408
1542601
1542814
1542990
1543183
1543391
154346
1543599
1543807
1544015
1544223
1544431
1544639
1544955
1545164
1545372
1545589
1545789
1546041
1546862
1547070
1547278
1547486
1548226
1548437
154882
1549026
1549236
155090
1550935
1551375
1551692
1552010
1552218
1552422
1552621
1552815
155299
1553018
1553220
1553411
1553609
1553802
1554014
1554204
1554419
1554636
1554826
155495
1555052
1555255
1555458
1555692
1555892
1556104
1556318
1556532
1556747
1556965
155705
1557201
1557420
1557658
1557871
1558081
1558293
1558493
1558686
1558892
1559086
155913
1559304
1559513
1559698
1559912
1560126
1560341
1560556
1560771
1560986
1561203
156121
1561421
1561635
1561849
1562064
1562279
1562499
1562715
1562931
1563136
1563348
156344
1563559
1563750
1563941
1564132
1564332
1564542
1564751
1564962
1565170
1565364
1565594
1565792
1565982
1566185
1566388
1566586
1566782
1566975
1567179
1567391
1567579
1567786
1567994
1568202
1568410
1568620
1568832
1569044
1569256
156938
1569468
1569680
1569892
1570104
1570316
1570528
1570740
1570952
1571164
157129
1571376
1571551
1571754
1571934
1572140
1572346
1572558
1572765
1572974
1573160
1573335
157347
1573523
1573712
1573921
1574130
1574363
1574669
1575087
157548
1575522
1576104
1576470
1576828
1577406
157756
1577615
1577821
1578002
157956
158153
1582933
158350
158551
158759
158967
1590989
1591197
159174
1591858
159356
1594192
1594392
1594592
1595266
159538
1596186
1596590
1597103
159720
1597573
1598057
159902
160102
1601820
1602029
1602224
1602442
1602634
1602828
160298
1603043
1603251
1603459
1603664
1603869
1604060
1604264
1604457
1604662
1604857
1605061
160508
1605258
1605471
1605689
1605900
1606119
1606337
1606560
1606768
1606948
1607122
160718
1607313
1607524
1607734
1607943
1608152
1608364
1608556
1608764
1608975
1609183
160926
1609391
1609599
1609804
1610009
1610214
1610419
1610624
1610829
1611034
1611239
161129
1611444
1611643
1611843
1612042
1612251
1612460
1612662
1612871
1613067
1613258
161329
1613582
1613884
1615140
161542
1615900
1616824
161731
1618607
1618815
1619025
1619234
1619443
161955
1619635
1619860
1620076
1620284
1620498
1620690
1620882
1621072
1621263
1621508
162163
1621715
1621920
1622296
1622476
1622666
1622856
1623062
1623258
1623433
1623640
162373
1623812
1624007
1624211
1624417
1624608
1624818
1625028
1625238
1625448
1625656
1625865
162597
1626075
1626285
1626495
1626705
1626904
1627114
1627324
1627518
1627721
1627929
162811
1628136
1628344
1628557
1628767
1628976
1629184
163022
163228
1633225
1633400
1633584
1633792
1633987
1634194
163437
1634386
1634599
1634810
1635011
1635210
1635410
1636029
163636
1636973
1637172
1637911
1638119
1638302
163847
1638513
1639053
1639262
1639469
1639678
1639856
1640065
1640283
1640459
164052
1640635
1640811
1640987
1641164
1641341
1641518
1641723
1641947
1642170
1642363
1642565
164260
1642733
1642935
1643135
1643337
1643537
1643737
1643937
1644150
1644359
1644614
164468
1644829
1645048
1645264
1645479
1645669
1645865
1646061
1646257
1646453
1646690
164676
1646888
1647085
1647286
1647491
1647683
1647897
1648107
1648287
1648499
1648679
164884
1648889
1649073
1649282
1649483
1649689
1649881
1650091
1650293
1650494
1650679
1650900
165092
1651127
1651333
1651535
1651745
1651954
16520
1652164
1652374
1652584
1652794
1653004
165302
1653212
1653422
1653629
1653837
1654045
1654244
1654455
1654669
1654869
1655086
165516
1655277
1655530
1655776
1655983
1656188
1656397
1656591
1656803
1657011
1657225
165725
1657424
1657633
1657839
1658043
1658241
1658436
1658633
1658829
1659031
1659226
165934
1659417
1659643
1659865
1660076
1660268
1660452
1660639
1660826
1661025
1661216
1661409
166142
1661618
1661827
1662036
1662235
1662472
1662741
1662934
1663479
166350
1663958
1664543
1665314
166564
1665918
1666413
166775
166983
167192
167400
1674426
167608
167817
168025
1682142
168244
168457
1685174
168646
1687503
1687579
1687876
1688101
168828
1688312
1688508
1688721
1688932
1689155
1689373
1689581
1689789
1689997
1690205
169036
1690414
1690675
1690871
1691067
1691260
1691456
1691652
1691841
1692052
1692261
169232
1692461
1692695
1692903
1693096
1693302
1693494
1693719
1693929
1694142
169431
1694348
1694533
1694726
1694926
1695123
1695333
1695541
1695750
1695951
1696167
1696374
169640
1696556
1696769
1696945
1697191
1697305
1697496
1697704
1697895
1698109
1698317
169850
1698510
1698735
1699571
1700131
1700542
170058
1700997
1701638
1702559
170266
1703570
1704439
170448
1705287
1706021
170665
1706723
1707331
1707698
1708021
1708344
1708668
1708991
1710149
171041
1711253
171264
1712812
1713286
1713888
1714395
171474
1715317
1715769
1715977
1716185
1716393
1716601
1716809
171683
1717017
1717225
1718209
1718418
1718629
1718827
1719028
1719226
1719436
1719645
1719857
1720065
1720265
1720457
1720667
1720877
1721090
1721303
1721516
1721729
1721940
1722151
1722362
1722573
1722784
1722991
1723184
1724353
1724601
1724899
1725176
1725382
172546
1725592
1725794
1725994
1726195
1726396
1726590
1726801
1727013
1727205
1727398
1727596
1727790
1727983
1728183
1728377
1728575
1728767
1728963
1729161
1729358
1729556
1729763
1729960
1730172
1730382
1730592
1730800
1731003
1731213
1731435
1731608
173167
1731802
1732011
1732220
1732428
1732636
1732846
1733056
1733254
1733448
1733642
1733837
1734031
1734225
1734419
1734613
1734807
1735001
1735200
1735396
1735590
1735784
1735978
1736172
1736367
1736562
1736756
1736951
1737145
1737339
1737533
1737729
1737923
1738118
1738314
1738509
1738703
1738897
1739093
1739287
1739481
1739677
1739870
1740064
1740260
174028
1740456
1740650
1740846
1741048
1741243
1741439
1741635
1741830
1742027
1742219
174236
1742404
1742602
1742786
1742997
1743209
1743415
1743679
1743874
1744090
1744307
174449
1744522
1744727
1744936
1745150
1745341
1745530
1745720
1745908
1746094
1746281
1746470
174661
1746657
1746846
1747025
1747208
1747417
1747625
1747816
1748021
1748235
1748428
1748622
174865
1748825
1749031
1749252
1749469
1749678
1749887
1750096
1750297
1750507
1750714
175074
1750918
1751122
1751314
1751503
1751716
1751929
1752140
1752351
1752562
1752775
175287
1752988
1753198
1753378
1753595
1753803
1754006
1754243
1754453
1754717
1754924
1755137
1755341
1755553
1755735
1755945
1756147
1756382
1756595
1756805
1757000
1757200
1757383
1757565
1757755
1757955
1758161
1758388
1758568
1758777
1758968
1759166
1759359
1759556
1759756
1759953
1760161
1760356
1760565
1760775
1760984
1761181
1761373
1761582
1761776
1761984
1762192
1762400
1769831
1776915
1777397
1778072
1778834
1779737
1780061
1780411
1780847
1781027
1781199
1781371
1781543
1781766
1781975
1782172
1782371
178237
1782569
1782770
1782944
1783127
1783327
1783517
1783709
1783907
1784104
1784298
178437
1784495
1784700
1784894
1785092
1785291
1785489
1785679
1785871
1786060
1786253
1786450
178646
1786641
1786841
1787049
1787258
1787456
1787667
1787858
1788044
1788236
1788429
178853
1788616
1788807
1788997
1789186
1789388
1789576
1789787
1789975
1790163
1790349
1790537
179059
1790730
1790939
1791156
1791348
1791546
1791737
1791930
1792517
179266
1792841
1793763
1794371
1796985
179739
1802575
180296
1803210
1803290
180841
1810412
1810606
181067
1810924
1811131
1811699
1812026
1812347
1812672
181274
1812997
1813333
1813660
1813978
181463
1814934
1815434
1815650
1815846
1816059
1816269
1816469
181662
1816669
1816871
1817073
1817266
1817478
1817690
1817902
1818113
1818322
1818527
1818724
1818919
1819124
1819320
1819522
1819718
1819911
1820104
1820303
1820503
1820693
1820899
1821120
1821347
1821560
1821742
1821957
1822132
1822323
1822517
1822743
1822944
1823132
1823367
1823605
1823841
1824054
1824262
1824433
1824604
1824815
1825021
1825252
182533
1825471
1825683
1825901
1826113
1826324
1826532
1826740
1826952
1827162
1827358
182735
1827555
1827752
1827956
1828150
1828351
1828548
1828773
1828984
1829194
1829404
182946
1829596
1829788
1829980
1830172
1830364
1830556
1830748
1830940
1831132
1831324
1831516
183154
1831725
1831965
1832174
1832384
1832608
1832817
1833018
1833219
1833443
1833662
183366
1833855
1834048
1834241
1834441
1834642
1834842
1835042
1835261
1835461
1835669
183580
1835867
1836078
1836272
1836474
1836684
1836890
1837099
183794
184007
184217
1843368
1843583
1843782
1843985
184406
1844984
1845619
184614
1846934
1848238
184829
1850139
185043
185251
185469
1855310
185677
185869
1859909
1860221
1860546
186063
1860861
1861177
1861720
186272
1864227
186482
1865476
1867062
186707
1867877
1868362
1868560
1868747
186889
1868932
1869140
1869348
1869557
1869769
1869970
1870179
1870370
1870594
1870788
187097
1870980
1871173
1871381
1871575
1871774
1871975
1872172
1872383
1872573
1872788
1872998
187307
1873210
1873406
1873602
1873810
1874018
1874194
1874401
1874608
1874801
187500
1875014
1875225
1875397
1875570
1875762
1875987
1876188
1876384
1876580
1876772
1876963
187697
1877173
1877365
1877557
1877772
187920
188156
188364
1884283
1884982
188573
188780
188989
1891045
1891813
1891888
189198
1892638
189408
189615
189823
190032
1901665
1901744
190244
190460
190667
190879
191086
191284
191501
1916634
1916966
191712
191901
1919619
192091
1922258
192296
192530
1927291
192745
1928728
192945
1929999
193155
193378
193588
1935943
1936570
1937235
1937443
1937646
1937833
1938015
193812
1938187
1938388
1938595
1938810
1939026
1939237
1939430
1939646
1939867
1940079
194024
1940290
1940502
1940711
1940923
1941133
1941344
1941553
1941769
1941978
1942164
194233
1942375
1942573
1942781
1942988
1943201
1943390
1943600
1943795
1944004
1944199
1944393
194448
1944597
1944808
1945022
1945221
1945413
1945609
1945808
1946010
1946204
1946378
1946568
194656
1946791
1947013
1947222
1947451
1947651
1947835
1948024
1948226
1948426
1948629
1948838
194886
1949049
1949254
1949452
1949632
1949842
1950043
1950225
1950412
1950604
1950796
1950988
195113
1951180
1951383
1951591
1951799
1951988
1952196
1952406
1952614
1952817
1953015
1953209
195322
1953399
1953589
1953782
1953995
1954200
1954421
1954627
1954839
1955102
1955296
195544
1955505
1955716
1955919
1956117
1956317
1956530
1956743
1956957
1957129
1957327
1957512
1957730
1957942
1958156
1958365
1958573
195861
1958782
1958976
1959174
1959365
1959551
1959733
1959915
1960097
1960279
1960488
1960682
196081
1960876
1961096
1961306
1961507
1961708
1961898
1962080
1962273
1962466
1962658
1962851
196288
1963042
1963233
1963430
1963621
1963812
1964004
1964196
1964388
1964578
1964770
196495
1964962
1965153
1965344
1965536
1965727
1965919
1966111
1966305
1966496
1966688
196684
1966882
1967074
1967266
1967457
1967649
1967844
1968055
1968267
1968479
1968690
196885
1968902
1969112
1969320
1969528
1969736
1971138
1971493
1971820
1972815
1974048
1980035
1982069
1982383
1982697
1983500
1984283
1984675
1984879
1985086
1985283
1985476
1985737
1985931
1986127
1986327
1986553
1986778
1986976
1987175
1987367
1987571
1987773
1987977
1988181
1988373
198841
1988586
1988779
1988976
1989185
1989420
1989642
1989856
1990075
1990269
199034
1990481
1990670
1990867
1991056
1991318
1991519
1991718
1991924
1992125
1992353
199245
1992578
1992784
1992985
1993186
1993426
1993657
1993864
1994070
1994298
199437
1994499
1994700
1994914
1995153
1995365
1995611
1995834
1996327
1996511
199658
1996703
1996902
1997129
1997611
1998647
1998845
1999075
1999281
1999487
1999660
1999855
1
2000051
2000257
2000466
2000676
2001148
2001359
2001565
2002348
2002560
2002771
2002999
2003227
2003436
2003645
2003858
2004068
2004269
2004469
2004657
2004844
200498
2005030
2005238
2005446
2005657
2006067
2006737
200704
2007406
2007720
200890
201113
201336
2014230
201549
201764
202203
2022958
2023163
2023352
2023550
2023774
2023966
2024181
2024391
2024612
2024824
2025035
2025228
2025434
2025646
2025851
2026048
2026257
2026466
2026678
2026902
202696
2027112
2027328
2028110
202928
203223
203640
2038592
2042531
2047058
2047262
2047485
2048914
2049128
2049342
2051351
2053767
2053953
2054166
2054382
2054570
2054759
2054956
2055148
2055340
2055543
2055728
2055919
2056111
2056303
2056507
2056700
2056892
2057070
2057282
2057493
2057700
2057910
2058116
2058311
2058510
2058706
2058908
2059120
2059332
2059529
2059727
2059923
2060128
2060341
2060522
2060734
2060927
2061146
2061340
2061565
2061771
2061972
2062180
2062393
2062610
2062804
2063003
2063214
2063413
2063634
2063832
2064031
2064227
2064426
2064646
2064838
2065053
2065237
2065436
2065642
2065857
2066055
2066266
2066475
2066692
2066900
2067080
2067293
2067487
2067690
2067890
2068089
2068303
2068495
2068687
2068895
2069100
2069315
2069529
2069736
2069944
2070152
2070360
2070568
2070775
2070982
2071189
2071396
2071604
2071813
2072020
2072227
2072420
2072621
2072855
2073048
2073240
2073915
2074228
2076468
2076834
2079224
2079933
2080372
2085705
2086239
2088067
2088393
2088888
2089087
2089163
2089366
2089590
2089801
2089992
2090188
2090396
2090604
2090810
2091018
2091233
2091450
2091643
2091836
2092029
2092221
2092516
2092728
2092950
2093166
2093381
2093591
2093799
2093981
2094163
2094345
2094530
2094717
2094899
2095081
2095288
2095499
2095711
2095923
2096135
2096347
2096559
2096771
2096983
2097195
2097407
2097618
2097815
2098024
2098233
2098442
2098651
2098860
2099069
2102466
2102797
2103506
2103912
2104965
210499
2106251
2107547
2109004
2110533
2110710
2110883
2111083
2111275
2111474
2111670
2111865
2112055
2112267
2112442
2112644
2112846
2113054
2113263
2113475
2113684
2113898
2114113
2114315
2114528
2114736
2114944
2115132
2115319
2115515
2115722
2115931
2116140
2116348
2116555
2116749
2116943
2117139
2117345
2117551
2117753
2117963
2118137
2118350
2118557
2118764
2118974
2119182
2119392
2119647
2119855
2120063
2120345
2121256
2125799
2126268
2130873
2131496
2131697
2132187
2132662
2133187
2133661
2133869
2134073
2134273
2134463
2134666
2135137
2135623
2136069
2136576
2137028
2137651
2138120
2138955
2139920
2144463
214
215550
215763
2158237
2159406
215983
2160844
2161660
216218
2162853
2163436
216422
2165663
2165962
216632
2167544
216851
2170366
217060
217312
2173960
2174285
217522
2176612
2176820
2177027
2177223
217731
2177421
2177627
2177819
2178025
2178228
2178423
2178622
2178828
2179040
2179250
217939
2179463
2179654
2179852
2180045
2180238
2180449
2180652
2180844
2181043
2181252
2181460
218147
2181639
2181845
2182055
2182265
2182477
2182689
2182887
2183078
2183291
2183486
218365
2183681
2183886
2184092
2184323
2184537
2184753
2184947
2185142
2185337
218542
2185524
2185725
2185931
2186145
2186336
2186552
2186751
2186955
2187163
218720
2187350
2187537
2187728
2187936
2188135
2188359
2188609
2188797
2188988
218910
2189198
2189396
2189597
2189798
2189998
2190225
2190435
2190642
2190840
2191037
219120
2191244
2191448
2191648
2191847
2192047
2192233
2192434
2192628
2192828
2193034
2193216
219333
2193423
2193607
2193811
2194011
2194229
2194444
2194629
2194826
2194999
219517
2195198
2195396
2195597
2195796
2196001
2196209
2196418
2196622
2196827
2197023
2197213
219726
219925
2199405
220116
2201555
220308
2203737
220500
2206059
22064
220694
2208305
220886
2210545
221078
2212497
221270
2212899
2213244
2213447
2213639
2213842
2214078
2214264
2214448
221463
221654
2217964
2218198
2218434
221851
2218662
2218901
2219103
2219296
2219486
2219677
2219869
2220063
2220242
222044
2220460
2220670
2220868
2221067
2221279
2221478
2221681
2221881
2222081
2222291
222237
2222499
2222707
2222918
2223126
2223322
2223508
2223717
2223927
2224122
222429
2224332
2224543
2224758
2224967
2225159
2225367
2225578
2225787
2225980
2226194
222620
2226404
2226614
2226865
2227061
2227526
22275
2227754
2227928
222812
2228136
2228346
2228555
2228758
2228976
2229183
2229392
223006
2230367
2231535
223199
2232463
223390
223582
223774
223971
2241025
2241237
2241446
224162
2241768
2241849
2242234
2243030
2243485
224353
224546
224738
2248533
22486
2248709
2248918
2249125
224930
2249334
2249575
2249813
2249992
2250219
2250456
2250691
2250930
2251166
225121
2251404
2251640
2251835
2252033
2252224
2252435
2252644
2252823
2253001
225313
2253209
2253428
2253631
2253842
2254044
2254246
2254464
2254668
2254884
2255084
225522
2255305
2255510
2255707
2255912
2256102
2256275
2256483
2256691
2256899
2257107
2257315
225731
2257523
2257731
2257939
2258147
2258355
2258580
2258788
2258996
2259204
225924
2259412
2259620
2259828
2260036
2260244
2260481
2260690
2260906
2261119
2261349
226139
2261546
2261757
2261957
2262135
2262345
2262559
2262752
2262943
2263153
226330
2263350
2263550
2263750
2263962
2264166
2264378
2264580
2264780
2264989
2265210
226539
2265417
2265593
2265797
2266014
2266221
2266420
2266628
2266836
2267042
2267253
2267475
226747
2267676
2267884
2268092
2268293
2268497
2268703
2268914
2269386
226955
22695
2269622
2269829
2270035
2270229
2270442
2270651
2270860
2271069
2271285
2271484
227163
2271669
2271868
2272075
2272335
2272871
227372
2274430
227571
2276244
2277683
227778
2278255
2278993
2279716
227975
2281206
228174
228365
228577
2286079
2286607
2286975
2287161
2287383
2287583
2287816
228795
2288007
2288204
2288403
2288600
2288809
2289025
2289232
2289440
2289647
2289855
2290063
229013
2290271
2290479
229047
229065
2290686
22906
2290893
2291127
2291336
2291544
2291752
2291963
2292171
2292379
229260
2292628
2292836
2293043
2293256
2293470
2293691
2293900
2294108
2294316
2294524
2294732
2294940
2295161
2295369
2295586
2295803
2296011
2296204
2296414
2296719
2296920
229694
2297134
2297348
2297575
2297796
2298018
2298224
2299518
2300340
2300508
2300717
2300937
2301111
230129
2301308
2301520
2301730
2301938
2302148
2302353
2302530
2302722
2302916
2303113
2303306
2303496
2303689
2303882
2304084
2304280
2304474
2304647
2304859
230495
2305061
2305276
2305491
2305704
2305881
2306066
2306262
2306459
2306661
2306856
230691
2307040
2307210
2307407
2307609
2307804
2308011
2308202
2308419
2308634
2308856
2309076
2309283
2309491
2309699
2309897
2310096
2310287
2310480
2310673
2310866
2311079
231126
2311278
2311492
23115
2311702
2311898
2312109
2312307
2312507
2312704
2312902
2313100
2313298
2313495
2313684
2313929
2314142
2314358
2314569
2314765
2314965
2315164
2315379
2315573
2315782
2315989
2316193
2316399
2316590
2316798
2317010
2317185
2317389
2317612
2317825
231784
2318035
2318257
2318483
2318710
2318936
2319151
2319387
2319591
2319791
2319991
2320200
2320409
2320617
2320838
2321061
2321285
2321501
2321724
2321945
2322158
2322368
2322584
2322804
2323027
2323241
2323453
2323673
232375
2323885
2324101
2324312
2324522
2324746
2324965
2325181
2325392
2325612
2325828
2326027
2326245
2326454
2326678
2326938
2327145
2327354
2327555
2327763
2327979
2328188
2328398
2328608
2328819
2329038
2329214
232941
233423
2337642
233985
234301
2345235
234778
2352756
235401
235942
2360646
2361138
236153
236364
236562
236752
2367608
2368105
2368314
236961
237170
237378
237586
237798
2378054
2378248
237990
238200
2383193
238409
2384
238601
23862
238809
239020
2391730
2392196
239226
2392408
2392616
2392824
2393056
2393264
2393465
2393672
2393872
2394081
2394290
239439
2394515
2394704
2394912
2395116
2395330
2395531
2395760
2395968
2396162
2396360
239648
2396613
2396818
2397024
2397235
2397428
2397614
2397843
2398076
239864
240075
2401103
2401316
2402599
2403260
240355
2403728
2404689
2405472
240561
2406220
2406999
240752
24078
2408264
240943
2409983
2410722
2411212
241154
2411727
2412514
241378
241588
2417953
241796
2418717
2418987
2419078
2419191
2419626
2419841
242004
2420058
2420283
2420468
2420652
2420860
2421051
2421242
2421432
2421623
2421831
2422039
242218
2422230
2422412
2422598
2422805
2423010
2423219
2423427
2423647
2423844
2424067
2424275
242434
2424483
2424693
2424912
2425124
2425333
2425544
2425755
242643
2426518
242851
24292
2429541
2430636
243067
2431624
243259
243468
2435028
2435268
2435457
2435674
2435900
2436097
2436297
2436510
2436715
243683
2436907
2437116
2437314
2437531
2437725
2437918
2438127
2438331
2438520
2438730
243896
2438973
2439198
2439331
2439550
2439782
2439992
2440203
2440413
2440624
2440834
2441048
244106
2441262
2441477
2441686
2441911
2442138
2442350
2442570
2442783
2442995
2443207
244328
2443415
2443640
2443853
2444059
2444257
2444471
2444692
2444892
2445015
244520
2445264
2445795
2446007
2446216
2446428
2446636
2446849
2447062
2447255
244729
2447453
2447653
2448122
2448966
244938
2449501
24502
245152
2451970
245370
245557
2456536
245766
2458169
2458370
2458567
2458761
2458954
2459164
2459358
2459557
245975
2459763
2459956
2460115
2460312
2460573
2460781
2461025
2461235
2461430
2461638
246175
2461844
2462052
2462248
2462439
2462693
2462891
2463083
2463275
2463467
2463680
246385
2463878
2464073
2464268
2464474
2464679
2464888
2465124
2465333
2465541
2465736
246583
2465936
2466145
2466340
2466548
2466744
2466980
2467188
2467407
2467618
2467810
246791
2468018
2468211
2468415
2468621
2468830
2469030
2469251
2469472
2469693
2469913
247000
2470134
2470355
2470576
2470786
2471017
24710
2471229
2471437
2471652
247170
2471838
2472021
2472228
2472411
2472624
2472817
2473010
2473202
2473396
247342
2473594
2473792
2473990
2474207
2474390
2474597
2474813
2475029
247515
2475236
2475429
2475623
2475818
2476011
2476212
2476418
2476623
2476814
2476994
2477180
247720
2477395
2477405
2477414
2478488
247937
2479492
2479950
2480126
2480373
2480587
2480783
2481043
2481277
248147
2481542
2481759
2482060
2482279
2482473
2482665
2482891
2483117
2483331
2483540
248356
2483749
2483958
2484167
2484376
2484585
2484794
2485003
2485195
2485387
2485604
248566
2485871
2486066
2486305
2486529
2486733
2486938
2487136
2487471
248775
2488481
2489101
2489293
2489492
2489683
248984
2489874
2490078
2490298
2490484
2490677
2490871
2491064
2491261
2491458
2491655
2491851
249195
2492046
24921
2492243
2492444
2492645
2492850
2493055
2493248
2493448
2493647
2493854
249396
2494054
2494255
2494452
2494648
2494849
2495050
2495246
2495443
2495640
2495840
249586
2496040
2496245
2496450
2496647
2496840
2497035
2497243
2497436
2497638
2497854
249795
2498061
2498229
2498435
2498628
2498821
2499014
2499207
2499405
2499677
2499944
250020
2500210
2500476
2500689
2500886
2501082
2501284
2501514
2501724
2501937
2502146
2502355
250237
2502563
2502772
2503011
250430
250639
2507254
2507453
2507665
2507922
2508192
2508399
250852
2508590
2508798
2510088
251061
2511268
2511459
2511644
2511837
2512030
2512226
2512423
2512628
251272
2512820
2513011
2513212
2513408
2513605
2513800
2513997
2514194
251481
2515577
2516743
251686
2516937
2517137
2517345
2517536
2517728
2517925
2518119
2518312
2518515
251897
2520134
252107
252317
252525
252735
2528109
252944
2529584
2530834
2531175
253153
2531695
2532130
25323
2532440
2533309
253361
2534960
253571
2536684
2537467
2537793
253781
2538139
2539476
2539674
2539887
253990
2540092
2540306
2540506
2540721
2540934
2541168
2541361
2541553
2541745
254187
2541936
2542146
2542356
2542565
2542775
2542985
2543160
2543358
2543552
2543745
2543938
254396
2544132
2544326
2544520
2544714
2544908
2545103
2545297
2545490
2545686
2545880
254591
2546076
2546270
2546467
2546657
2546866
2547056
2547252
2547448
2547655
254771
2547864
2548072
2548280
2548489
2548687
2548873
2549093
2549302
254941
2549513
2549724
2549915
2550116
2550320
2550534
2550727
2550938
255115
2551161
2551384
2551580
2551795
2552003
2552217
2552411
2552626
2552849
2553049
255309
2553257
2553454
2553667
2553854
2554042
2554229
2554421
2554634
2554834
2555052
255518
2555262
2555471
2555678
2555891
2556102
2556312
2556523
2556734
2556944
2557155
255717
2557367
2557579
2557787
2557997
2558208
2558415
2558624
2558832
2559041
255910
2559252
2559461
2559669
2559879
2560090
2560300
2560510
2560721
2560931
256103
2561141
2561352
2561561
2561772
2561982
2562193
2562404
2562616
2562825
256297
2563033
2563222
2563435
2563645
2563844
2564055
2564265
2564465
2564672
2564882
256489
2565072
2565247
2565456
2565659
2565860
2566045
2566242
2566451
2566651
2566865
256690
2567074
2567274
2567483
2567675
2567898
2568135
2568354
2568605
2568842
256890
2569083
2569277
2569495
2569716
2569923
2570137
2570347
2570557
2570770
257079
2570978
2571173
2571398
2571602
2571802
2572010
2572220
2572412
2572604
2572813
257286
2573007
2573204
2573406
2573597
2573788
2573998
2574208
2574412
257455
2574611
2574806
2575004
2575197
2575385
2575577
2575783
2575975
2576178
2576387
2576578
257660
2576770
2576964
2577172
2577367
2577575
2577780
2577977
2578204
257855
2578615
258065
2582389
258249
258457
258668
2586750
258880
259060
2591098
259274
259465
2594786
2594
2595164
2595740
2595984
2596336
2596545
2596755
259677
2597335
259871
2598828
2599771
260080
260294
260504
2605952
260712
260938
261146
261341
2614797
2615006
261535
2615684
261727
261943
2620015
262136
2622867
262344
2625719
262584
262793
26289
263002
2631747
263211
263419
2634984
2635283
263602
2636119
2638090
26497
2650180
2650388
2650594
2650982
2651185
2651379
2651582
2651785
2651988
2652172
2652382
2652601
2652826
2653018
2653228
2653420
2653628
2653859
2654066
2654272
2654447
2654632
2654832
2655059
2655265
2655452
2655686
2655906
2656125
2656303
2656537
2656784
2657025
2657251
2657543
2657834
2658027
2658219
2658417
2658635
2658819
2659012
2659247
2659457
2659701
2659910
2660121
2660336
2660579
2660787
2661002
2661207
2661412
2661617
2661822
2661995
2662194
2662450
2662713
2662929
2663106
2663295
2663497
2663690
2663885
2664095
2664307
2664516
2664724
2664929
2665134
2665339
2665544
2665749
2665954
2666159
2666364
2666575
2666773
2666981
2667185
2667385
2667600
2667809
2668019
2668224
2668427
2668633
2668842
2669062
2669266
2669488
2669702
2669900
2670099
2670300
2670505
26705
2670711
2670916
2671126
2673874
2674990
2675618
2676276
2676474
2676666
2676873
2677373
2677570
2677778
2678040
2678285
2678490
2678700
2678922
2679133
2679346
2679556
2679754
2679970
2680146
2680423
2680633
2680843
2681051
2681252
2681451
2681647
2681843
2682041
2682254
2682460
2682667
2682924
2683129
2683345
2683565
2683779
2683987
2684195
2684403
2684611
2684819
2685027
2685235
2685443
2685651
2685859
2686067
2686275
2686483
2686691
2686899
2687107
2687315
2687523
2687731
2687939
2688147
2688355
2688563
2688771
2688979
2689181
2689385
2689600
2689791
2689992
2690192
2690393
2690585
2690785
2690994
2691206
26914
2692099
2692543
2693057
2693249
2694033
2694728
2697073
2698528
2699852
269998
270206
270414
2705883
270623
271146
27123
2712968
271359
271570
271778
2718224
2719644
271986
2721164
2721812
272193
2722810
2723809
272403
2724578
2725733
272613
2726689
2728005
272824
2729214
2730081
273033
2731097
2732112
273244
2733087
27332
2734031
273453
2735059
2735605
2735782
2735991
2736199
273661
273874
274083
2741955
2742163
2742372
2742562
2742746
274292
2742944
2743206
2743405
2743591
2743784
2743978
2744176
2744390
2744582
2744772
2744984
274503
2745195
2745401
2745599
2745808
2746007
2746207
2746405
2746603
2746801
2747029
274711
2747221
2747417
2747608
2747806
2747999
2748195
2748423
2748651
2748877
2749091
274921
2749318
2749545
2749772
2749970
2750195
2750422
2750648
2750876
2751072
2751278
275129
2751486
2751676
2751884
2752084
2752280
2752468
2752662
27526
2752875
2753073
275321
2753279
2753467
2753665
2753858
2754056
2754256
2754458
2754659
2754858
2755052
2755258
275530
2755452
2755658
2755854
2756035
2756214
2756404
2756621
2756830
2757039
2757248
275740
2757457
2757666
2757880
2758316
275948
2760014
2760207
2760430
2760850
276156
2762509
2763115
2763535
276364
2763837
2764547
2764993
276562
2766157
2767398
276759
2768241
2769459
276968
2769907
277161
2771896
27734
277371
277580
277796
278005
2780403
278199
278408
2786713
278843
279053
279265
2794241
27943
2794713
279476
2795611
2795627
2795980
2796057
2796251
2796460
2796652
279683
2796857
2797049
2797240
2797451
2797667
2798164
2798375
2798581
2798780
279891
2798992
2799199
2799445
2799675
2799876
2800088
2800280
2800471
2800665
2800871
2801072
2801264
2801472
2801671
2801855
2802066
280224
2802256
2802479
2802687
2802878
2803088
2803281
2803488
2803699
2803892
2803
2804100
2804319
2804515
2804723
2804951
2805160
2805356
280553
2805570
2805789
2806000
2806211
2806475
2806702
2806895
2807124
2807318
2807510
2807702
280773
2807894
2808086
2808278
2808470
2808662
2808854
2809046
2809238
2809430
2809622
2809809
2810025
2810219
281028
2810412
2810632
2810831
2811021
2811221
2811408
2811622
2811828
2812032
2812241
281235
2812434
2812643
2812852
2813058
2813277
2813483
2813701
2813901
2814105
2814309
281433
2814513
2814717
2814921
2815127
28152
2815340
2815556
2815768
2815981
2816195
281629
2816408
2816621
2816834
2817047
2817258
2817470
2817682
2817898
2818111
2818323
281840
2818536
2818748
2818959
2819172
2819384
2819597
2819812
2820023
2820235
2820449
282052
2820661
2820874
2821085
2821296
2821509
2821722
2821936
2822148
2822360
282244
2822573
2822887
2823402
282453
2825633
2825995
282648
282857
2829416
283066
283264
2832931
2833338
2833532
2834068
2834275
283436
2834487
2834710
2834907
2835117
2835330
2835542
2835755
2835970
283607
2836161
28361
2836373
2836590
2836801
2837006
2837211
2837408
2837605
2837802
2837999
283801
2838196
2838403
2838621
2838818
2839029
2839241
2839439
2839651
283975
2839862
2840057
2840266
2840479
2840697
2840894
2841095
2841288
2841499
2841708
284183
2841929
2842137
2842348
2842560
2842769
2842964
2843172
2843385
2843598
2843803
284392
2843997
2844194
2844427
2844639
2844858
2845054
2845268
2845481
2845698
2845898
2846092
2846309
2846506
2846718
2846915
2847127
2847340
2847532
2847718
284791
2847930
2848125
2848319
2848532
2848752
2848964
2849161
2849365
2849557
2849756
2849968
2850166
2850364
2850562
2850759
2850952
2851151
2851367
2851575
2851772
2851969
2852185
2852382
2852592
2852780
2852977
2853172
2853373
2853569
2853767
2853962
2854196
2854396
2854592
2854810
2855014
2855223
2855423
2855632
2855841
2856038
2856248
2856439
2856639
2856840
2857045
28570
2857250
2857455
2857646
2857839
2858029
2858217
2858410
2858485
2858679
2860255
2860443
2860651
2860969
2861178
2861389
2861602
2861816
2862005
2866819
2867030
2867245
2867455
2867667
2867882
2868095
2868305
2868515
2868731
2868941
2869158
2869376
2869584
2869782
2869974
2870192
2870400
2870624
2870846
2871060
2871269
2871487
2871700
2871914
287331
2876750
2876961
2877398
2877589
2877806
28779
2878016
287808
2878230
2878427
2878639
2878851
2879051
2879243
2879451
2879659
2879901
2880125
2880339
2880539
2880735
2880945
2881157
2881377
2881584
2881795
2881997
2882193
2882400
2882603
288271
2882823
2883042
2883250
2883467
2883678
288837
289063
2890716
2890924
2891114
2891324
289137
2891541
2891759
2891952
2892269
2892478
2892693
289274
2892904
2893114
2893319
2893529
2893735
2893928
2894136
289483
289696
289882
28988
290066
290264
2903327
2903536
2903738
2903940
2904150
2904362
2904578
290462
2904793
2905003
290661
2906800
2906997
2907205
2907401
2907605
2907808
2908011
2908213
2908415
2908618
290870
2908821
2909023
2909237
2909440
2909645
2909853
2910057
2910260
2910459
291079
2910833
2911042
2911250
2911439
2911655
2911864
2912062
2912266
2912579
2912801
291287
2913005
2913199
2913413
2913610
2913821
2914031
2914245
2914457
2914687
2914901
291495
2915123
2915333
2915541
2915752
2915954
2916163
2916359
2916551
2916753
2916954
291704
2917151
2917364
2917576
2917772
2917977
2918179
2918383
291895
2919255
2919469
2919681
2919899
29198
2920828
2921042
292106
2921240
2921429
2921635
2921827
2922035
2922244
2922451
2922639
2922847
2923039
292315
2923248
2923483
2923680
2923893
2924099
2924670
2924858
2925065
2925271
292528
2925461
2925698
2926052
2926243
2926429
2926618
2926818
2927013
2927372
292743
2927572
2927787
2927998
2928204
2928419
2928630
2928865
2929101
2929337
292955
2930335
2930512
2930694
2930876
2931046
2931224
2931437
293164
2931747
2931960
2932165
2932373
2932555
2932789
2932993
2933183
2933390
2933596
293371
2933802
2934008
2934215
2934421
2934627
2934833
2935039
2935246
293578
293786
2939858
293994
2940064
2940275
2940486
2940693
2940900
2941106
2941300
2941508
2941716
2941924
294202
2942134
2942340
2942550
2942759
2942972
2943181
2943390
2943599
2943809
2944009
294410
2944212
2944423
2944625
29447
2944831
2945050
2945263
2945476
2945672
2945869
2946071
294618
2946282
2946485
2946687
2946890
2947091
2947292
2947512
2947715
2947908
2948120
294830
2948326
2948534
2948770
2948976
2949140
2949349
2949544
2949752
2949960
2950168
295033
2950377
2950587
2950808
2951016
2951233
2951441
2951630
2951819
2952028
295237
2952595
2953127
2953343
2953684
2953892
2954106
2954183
295451
2954550
295661
2957325
2957879
2958089
2958299
2958508
295869
2958717
2958933
296063
296275
296493
2966064
29666
296705
296915
297111
297276
2972808
297481
297689
297869
298049
2981317
2981915
2982510
298257
2983099
2983511
2983827
2984175
298467
2984800
2985587
2985663
2986256
298675
2986797
2987225
29875
2987827
2988420
2988618
298884
2988882
2989575
299059
299269
299484
2995434
300088
300269
3004237
300475
3004949
3005162
3005374
3005584
3005793
3006007
3006218
3006429
3006638
3006849
300684
3007066
3007277
3007487
3007697
3007905
3008115
3008328
30084
3008538
300861
3008749
3008958
3009169
3009380
3009611
3009813
3010026
3010234
3010446
3010685
301079
3010915
3011118
3011302
3011514
3011721
3011942
3012153
3012365
301290
3012
301500
3015601
301711
3017360
3017996
3018449
3018835
3019037
3019180
3019317
301934
3019432
3019534
3019627
3019718
3019805
3019892
3019964
3020020
3020226
3020454
3020668
3020880
3021105
3021323
302142
3021543
3021763
3021999
3022191
3022376
3022574
3022784
3022993
3023202
302347
3023531
3023740
3023949
3024159
3024368
3024577
3024786
3024995
3025204
3025413
302558
3025623
3025834
3026044
3026254
3026463
3026672
3026879
3027088
3027301
3027510
302766
3027719
3027928
3028137
3028346
3028564
3028773
3028982
3029191
30292
3029400
3029609
302974
3029818
3030032
3030241
3030450
3030659
3030868
3031077
3031286
3031495
303157
3031713
3031922
3032131
3032327
3032565
3032775
3032975
3033185
3033391
303339
3033600
3033810
3033998
3034205
3034443
3034655
3034858
3035064
3035269
303547
3035484
3035687
3035900
3036112
3036339
3036550
3036758
3036965
3037161
303732
3037373
3037559
3037744
3037955
3038194
3038503
3038713
3038885
3039136
3039345
303940
3039554
3039763
3039971
3040181
3040390
3040598
3040780
3040990
3041205
304138
3041414
3041627
3041836
3042018
3042227
3042483
3042685
3043285
304349
3043599
3043809
3044024
3044239
3044448
3044658
3044858
3045093
3045313
304557
3045717
3045925
3046154
3046362
3046572
3046805
3047014
3047238
3047448
3047647
304780
3047842
3048054
3048263
3048478
3048685
3048896
3049104
3049313
3049488
3049564
3049774
3049983
3050193
30503
3050411
3050636
3050845
3051069
3051285
3051500
3052039
305232
3052532
3052743
3052956
3053164
3053373
3053584
3053810
3054020
3054194
3054367
3054540
3054714
3054905
3055111
3055323
3055532
3055740
3055949
3056162
3056371
3056579
3056792
305684
3057002
3057214
3057424
3057634
3057844
3058054
3058264
3058475
3058689
3058897
3059107
3059320
3059530
3059742
3059955
3060165
3060375
3060584
3060795
306098
3061006
3061453
3061654
3061844
306306
3064368
3064641
3064855
306502
3065071
3065291
3065496
3066119
3066490
3067352
306737
3068089
3068822
3069011
3069027
3069046
3069250
306942
3069454
3069661
3069869
3070079
3070287
3070484
3070686
3070873
3071081
3071287
30713
307147
3071498
3071678
3071899
3072126
3072351
3072560
3072760
3072970
3073172
3073360
307352
3073572
3073828
3074029
3074250
3074439
3074645
3074851
307543
3075475
3075683
3075883
3076073
3076263
3076479
3076689
3076899
3077118
3077337
307734
3077521
3077717
3077927
3078135
3078343
3078552
3078760
3078968
3079179
3079387
307950
3079595
3079803
3080014
3080226
3080434
3080642
3080850
3081058
3081266
3081472
308162
3081680
3081888
3082096
3082304
3082513
3082721
3082929
3083118
308370
3083934
3084116
3084339
3084511
3084709
3084907
3085107
3085310
3085521
3085733
308586
3085944
3086143
3086354
3086550
3086740
3086929
3087139
3087373
3087583
308774
3087796
3088002
3088195
3088422
3088642
3088856
3089064
3089275
3089485
308962
3089681
3089900
3090109
3090479
3090714
3090923
3091131
3091341
3091551
309161
3091775
3091974
3092170
3092378
30923
3092586
3092788
3092996
3093206
3093416
309360
3093620
3093822
3094020
3094230
3094434
3094635
3094836
3095043
3095245
3095446
3095654
309566
3095860
3096066
3096274
3096482
3096690
3096898
3097108
3097319
309751
3097520
3097725
3097939
3098143
3098396
3098605
3098906
3099111
3099305
309948
3099522
3099743
3099962
3100168
3100341
3100548
3100743
3100977
3101214
3101453
310157
3101695
3101944
3102184
3102431
3102680
3102901
3103157
3103343
3103571
310362
3103801
3104044
3104255
3104492
3104752
3105007
3105558
3105784
310579
3106009
3106226
3106435
3106645
3106840
3107048
3107276
3107484
3107686
310787
3107888
3108096
3108303
3108516
3108725
3108931
3109140
3109466
3109677
3109890
310991
3110100
3110309
3110502
3110711
311186
31133
311395
3115899
311603
3116104
3116313
3116477
3116664
3116857
3116998
3117158
3117375
3117584
3117914
3118109
311813
3118324
3118538
3118749
3118914
3119094
3119282
3119486
3119673
3119866
3120077
312013
3120255
3120446
3120653
3120865
3121071
3121285
3121492
3121683
3121870
3122057
312222
3122257
3122450
3122651
3122906
3123664
3123878
3124092
3124303
312432
3124515
3124723
3125466
3125676
3126360
312644
3126541
3126750
3126953
3127329
3127506
3127696
3127906
3128116
3128326
3128536
3128746
312888
3128965
3129154
3129330
3129540
3129778
3129968
3130155
3130364
3130575
3130784
313096
3131004
3131216
3131423
3131631
3131846
3132047
3132254
3132462
3132675
3132883
3133090
313316
3133297
3133504
3133690
3133894
3134095
3134288
31342
3134498
3134671
3134869
3135077
3135277
313542
3135493
3135705
3135916
3136125
3136334
3136549
3136760
3136980
3137196
3137408
313761
3137622
3137836
313969
314179
314388
3143969
3144141
3144327
3144558
3144773
3144982
3145191
3145400
3145609
3145843
3146060
3146266
314638
3146462
3146673
3146880
3147091
3147296
3147497
3147708
3147920
3148134
3148336
314847
3148509
3148682
3148757
3148965
3149172
3149379
3149556
3149959
3150168
3150384
315049
3150597
3150811
3151018
3151226
3151434
3151641
3151853
3152061
3152268
315245
3152479
3152687
3152896
3153105
3153316
3153521
3153947
3154156
3154373
315444
3154582
3154783
3154975
3155167
31552
3155375
3155584
3155793
3156003
3156214
315652
3156562
3156918
3157022
3157120
3157351
3157559
3157757
3157957
3158143
3158320
315849
3158542
3158739
3158932
3159129
3159342
3159538
3159737
3159935
3160144
3160351
316041
3160559
3160766
3160974
3161181
3161389
3161597
3161797
3161988
3162183
3162381
316238
3162591
3163049
3163257
3163452
3163662
3163873
3164081
3164285
3164487
316451
3164704
3164921
3165138
3165355
3165563
3165771
3165971
3166295
3166618
316665
3166827
3167035
3167241
3167426
3167638
3167847
3168064
3168271
316840
3168479
3168687
3168894
3169150
3169356
3169579
3169763
3169977
3170150
3170364
317055
3170575
3170785
3170979
3171185
3171394
3171871
3172078
3172301
3172503
317264
3172713
3172929
3173147
3173365
3173576
3173783
3173990
3174200
3174407
3174614
317479
3174821
3175028
3175235
3175442
3175649
3175856
3176063
31761
3176270
3176477
3176684
317688
3176891
3177098
3177303
3177526
3177737
3177958
3178165
3178380
3178601
3178824
317895
3179033
3179233
3179444
3179657
3179858
3180104
3180310
3180507
3180753
3180963
318103
3181174
3181384
3181596
3181793
3181989
3182212
3182407
3182604
3182809
3183004
318302
3183211
3183418
3183625
3183834
3184044
3184251
3184458
3184666
3184873
3185081
318510
3185289
3185499
3185707
3185915
3186123
3186330
3186538
3186746
3186965
3187173
318724
3187381
3187588
3187796
3188008
3188215
3188422
3188629
3188838
3189045
3189253
318930
3189460
3189668
3189876
3190084
3190292
3190500
3190708
3190917
3191126
319122
3191332
3191543
3191751
3192635
3192841
3193047
3193248
319326
3193454
3193660
3193866
3194072
3194283
3194490
3194697
3194904
3195113
3195325
319535
31970
319746
319928
3201288
320129
3201499
320346
320563
320772
320978
3211166
3211346
3211578
321174
3211786
3211999
3212215
3212416
3213300
3213517
3213696
321383
3214405
3214579
3214752
3214960
3215156
3215361
3215570
3215775
321592
3215980
3216185
3216392
3216600
3216808
3217016
3217193
3217412
3217617
3217693
3217769
3217845
321793
3218031
3218237
3218451
3218670
32186
3218854
3219074
3219257
3219445
3219625
3219850
3219
3220025
322014
3220263
3220446
3220647
3220852
3221090
3221309
3221513
3221733
3221941
322207
3222134
3222317
3222533
3222731
3222970
322403
3224934
3225010
3225085
3225170
3225246
3225322
3225521
3225719
3225884
3226083
322615
3226272
3226481
3226679
3226878
3227094
3227297
3227498
3227693
3228157
322827
3228787
3230128
323039
3230722
3230922
3231129
3231339
3231564
3231793
3232023
3232255
323251
3234568
323463
3234777
3234985
3235193
3235401
3235609
3235817
3236025
3236232
3236439
3236646
323674
3236853
3237051
3237223
3237430
3238389
3238571
3238814
323886
3239015
3240017
3240195
3240370
3240550
3240756
3240940
324098
3241151
3241357
3241560
3241796
3242005
3242210
3242414
3242618
3242830
3243028
324310
3243230
3243439
3243632
3243840
3244048
3244241
3244442
3244653
3244865
3245074
324522
3245270
3245486
3245685
3245900
3246116
3246332
3246546
3246753
3246963
3247174
324734
3247420
3247609
3247827
3248020
3248212
3248417
3248614
3248825
3249130
3249346
324946
3249704
3249917
3250220
3250441
3250651
3250845
3251057
3251280
3251499
325158
3251710
3251921
3252113
3252452
3252753
3253065
3253248
3253441
3253635
325370
3253831
3254004
3254214
3254384
3254594
3254785
3254995
3255184
3255392
3255600
3255808
325582
3256016
3256223
3256433
3256642
3256825
3257035
3257243
3257451
3257659
3257867
325791
3258075
3258284
3258492
3258700
3258909
3259118
3259327
3259521
3259728
3259937
326000
3260145
3260354
3260563
3260771
3260979
3261193
3261402
3261610
3261818
326184
3262029
3262237
3262446
3262654
3262862
3263074
3263286
3263497
3263708
326380
3263911
3264122
3264330
3264538
3264747
3264955
3265163
3265373
3265581
326575
3265790
3266000
3266210
3266566
3266770
3266948
3267131
3267340
3267510
3267696
3267867
326786
3268075
3268285
3268485
3268694
3268903
3269094
3269303
3269510
3269719
326991
3269928
3270136
3270344
3270552
3270761
3270969
3271177
3271390
327196
3272347
3272555
3272764
3272972
3273181
3273377
3273598
3273794
3274003
327411
3274194
3274443
3274652
3274876
3275073
3275269
3275465
3275659
3275857
3276067
327620
3276261
3276463
3276659
3276856
3277063
3277284
3277774
3278001
327811
3278219
3278414
3278652
3278857
3279064
3279273
3279482
3279685
3279894
3280104
328020
3282212
328238
3282422
3282640
3282839
3283059
3283267
3283774
3283850
3283927
3284091
3284131
3284338
328449
3284547
3284756
3284959
3285168
3285377
3285576
3285785
3285990
3286200
3286382
3286591
328661
3286800
3286993
3287175
3287384
3287590
3287799
3288009
3288218
3288406
3288617
328874
3288809
3289018
3289222
3289431
3289635
3289844
3290035
3290244
3290434
329049
3290742
3290950
3291140
3291362
3291573
3291784
3291976
3292187
329239
3292411
3292623
3292847
3293070
3293281
3293504
3293714
3293923
3294133
329430
3294358
3294592
3294794
3295010
3295210
3295417
3295626
3295807
3296013
3296223
329623
3296420
3296629
3296837
3297045
3297241
3297450
3297659
3297868
329815
3298453
3298662
3298870
3299059
3299265
3299472
3299658
3299867
330007
3300230
3300439
3300646
3300858
330201
3303478
3303688
3303894
330394
3304104
3304312
3304528
3304737
3304946
3305155
3305354
33053
3305568
3305742
330598
3306234
3306379
3306520
3306738
3306912
3307071
3307245
3307420
3307606
3307816
3308001
330806
3308197
3308369
3308576
3308775
3308952
3309183
3309391
331015
3310179
3310352
3310565
3310756
3310963
3311160
3311367
3311580
3312074
331223
3312280
3312497
3312706
3312875
3313083
3313279
3313471
3313680
3313890
3314099
3314309
331444
331656
331867
332077
3321299
3321514
3321731
3321943
3322150
3322357
3322564
332269
3322783
3322990
3323197
3323416
3323628
3323826
3324057
3324256
3324487
3324695
332480
3324895
3325112
3325324
3325530
3326675
332689
3326981
3327194
33273
3327951
3328255
3328472
3328661
3328878
3329095
332909
3329305
3329522
3329753
3329970
3330187
3330404
3330692
3330908
3331186
333119
3331403
3331692
3331909
3332118
3332327
3332533
3332741
333324
3333388
3333597
3333777
3335032
333518
3335238
3335448
3336172
3336380
3336586
3336794
3337006
333719
3337214
3337418
3337625
3337837
3338032
3338241
3338449
333951
334162
3343191
334370
334571
334771
33477
334985
335204
335422
3355478
3355686
335568
3355903
3356107
3356307
3356516
3356726
3356938
3357146
335728
3357356
3357565
3357773
3357985
3358193
3358467
335859
3358685
3358897
3359105
3359316
3359489
3359697
3359904
336004
3360116
3360326
3360536
3360747
3360957
3361164
3361376
3361572
3361744
3361940
3362134
336222
3362349
3362564
3362758
3362968
3363179
3363353
3363556
3363767
3363978
3364246
336436
3364445
3364712
3364882
3365109
3365422
3365616
3365816
3366363
336654
3366573
3366779
3366983
3367360
3367734
3368344
3368541
336862
3368740
3368963
3369362
3369527
3369723
3369930
3370138
3370546
337065
3370767
3370959
3371124
3371337
3371539
3371732
3371939
3372184
3372395
337258
3372594
3372790
3372990
3373202
3373407
3373622
337449
3374508
3374706
3374920
3375114
3375312
3375504
337637
33771
337861
3378673
3378883
3379055
3379261
3379467
3379673
3379869
3380079
3380287
3380474
3380709
338072
3380906
3381096
3381304
3381499
3381758
3381929
3382126
3382327
3382708
338288
3383057
3383250
3383446
3383659
3383855
3384063
3384259
3384463
3384672
3384858
338498
3385089
3385297
3385487
3385703
3385910
3386120
3386329
3386536
3386908
3387113
3387318
338733
3387512
3387718
3387927
3388134
3388322
3388534
3388749
3388956
3389169
338931
3389360
3389573
3389745
3389955
3390169
3390485
3390824
3391149
339135
3391672
3391870
3392125
3392338
3392595
3392826
3393031
3393269
339339
3393474
3393679
3393862
3394070
3394275
3394508
3394707
3394915
3395122
3395320
339547
3395564
3395816
3396072
3396268
3396523
3396762
3397017
3397194
3397426
339754
3397631
3397890
3398095
33980
3398298
3398555
3398811
3399010
3399222
3399426
339962
3399646
3399862
3400049
3400413
3400685
3400971
3401149
3401359
3401557
340156
3401765
3401973
3402182
3402393
3402602
3402780
3402981
3403163
3403369
3403593
340364
3403793
340575
340784
3408810
3409238
341008
341205
3413801
341417
341629
341840
34191
3420087
3420297
3420508
342052
3420718
3420928
3421314
3421522
3421669
3421876
3422076
3422284
3422493
342262
3422702
3422914
3423126
3423339
3423547
3423755
3423967
3424180
3424398
3424608
342474
3424818
3425025
3425230
3425442
3425654
3425866
3426080
3426292
3426500
3426708
342686
3426913
3427124
3427329
3427539
3427740
3427949
3428156
3428408
3428672
3428882
342898
3429091
3429293
3429753
3429951
3429
3430027
3430847
343110
3431195
3431402
3431610
3431817
3432024
3432231
3432438
3432635
3432842
3433049
343321
3433256
3433463
3433671
3433883
3434090
3434297
3434504
3434711
3434918
3435125
3435332
343533
3435539
3435747
3435954
3436160
3436367
3436574
3436781
3436989
3437197
343745
3437645
3438818
3438894
3439097
3439309
3439505
343956
3439708
3439900
34400
3440100
3440309
3440510
3440723
3440931
3441139
3441349
3441558
344168
3441746
3441954
3442159
3442371
3442584
3442792
3442999
3443218
3443425
3443635
344380
3443843
3444051
3444258
3444450
3444659
3444867
3445076
3445284
3445492
3445703
3445911
344592
3446122
3446330
3446539
3446746
3446958
3447167
3447361
3447573
3447782
3448009
344804
3448255
3448482
3448700
3448896
3449104
3449327
3449801
3450001
345015
3450476
3450951
3451161
3451405
3451598
3451833
3452007
3452220
345227
3452432
3452640
3452853
3453085
3453316
3453534
3454006
345444
3454481
3454689
3454906
3455114
3455323
3455530
3455738
3455961
3456170
3456378
345654
3456585
3456794
3457003
3457209
3457421
3457632
3457839
3458047
3458271
3458479
345859
3458687
3458900
3459107
3459324
3459532
3459999
3460208
3460419
3460631
346068
3460839
3461047
3461260
3461468
3461658
3461866
3462076
3462270
3462478
3462686
346274
3462895
3463102
3463312
3463535
3463765
3463973
3464180
34641
3464363
346480
3465955
3466146
3466347
3466557
3466769
346700
3467110
3467298
3467494
3467680
3467888
3468097
3468306
3468478
3468685
3468893
346908
3469541
3469724
3469918
3470132
3470342
3470553
3470767
3470954
3471057
347119
3471245
3472294
3472856
3473065
347328
347539
347749
3477882
347983
348196
348409
34850
348622
348835
349048
349290
349528
3497333
3497530
349761
3497722
3497916
3498109
3498293
3498499
3498698
3498894
3499125
3499330
3499539
3499747
3499878
349997
350244
3504383
3504605
350487
35054
350727
3507510
350983
3510258
3510430
3510606
3510784
351228
3513533
3513730
3513908
3514111
3514314
3514581
351473
3514761
3514965
3515175
3515351
3515548
3515731
3515944
3516121
3516299
3516511
3516688
351686
3516903
3517083
3517269
3517461
3517664
3517869
3518082
3518441
3518624
3518838
351899
3519446
3519887
3520397
3520607
3520817
3521033
3521245
352128
3521451
3521656
3521867
3522179
3522379
3522592
3522795
3523007
3523215
352336
3523420
3523629
3523840
3524023
3524233
3525022
352544
3525695
35258
3525905
3526114
3526324
3526534
3526729
3526936
3527127
3527330
352751
3527539
3527730
352963
353154
353355
353564
3536669
3536870
3537078
3537286
3537494
3537702
353772
3537912
3538119
3538334
3538581
3538815
3539043
3539252
3539418
3539457
3539663
353984
3539873
3540077
3540278
3540467
3540652
3541446
354196
3542232
3542441
3542650
3542853
3543064
3543266
3543651
3543866
354406
3544834
3545039
3545237
3545448
3545659
3545870
3546079
354611
3546287
35463
3546496
3546704
3546913
3547110
3547283
3547492
3547665
3547873
3548065
354819
3548242
3548423
3548620
3548838
3549020
3549228
3549432
355017
3550280
3550491
3550700
3550910
3551556
3552174
355223
3552368
3552552
3552746
3552957
3553152
3553361
3553572
3553780
3553990
355405
3554201
3554414
3554627
3554837
3555049
3555261
3555477
3555694
3555908
3556123
3556335
3556549
3556758
3556964
3557171
3557378
3557584
3557790
3557996
3558203
3558409
3558618
3558824
3559030
3559236
3562094
3562526
3562717
3562886
3563092
3563302
3563511
3563720
3563929
3564138
3564331
3564686
3564895
3565086
3565283
3565476
3565688
3565896
3566104
3566312
3566520
3566728
3566936
3567144
3567352
356742
35720
3573924
3574128
3574327
3574534
357459
3574730
3574936
3575145
3575327
3575512
3575701
3575934
3576173
3576374
3576548
3576756
3576964
3577171
3577379
3577586
3577788
3577987
3578351
3578559
3578731
3578939
357904
3579146
3579361
3579553
3579767
3579979
3580169
3580381
3580677
3580865
3581054
3581243
3581451
3581654
3581864
3582071
3582275
3582500
3582705
3582915
3583121
3583331
3583535
3583716
358376
3583894
3584105
3584298
3584493
3584702
3584910
3585118
3585326
3585540
3585750
3585926
3586156
358616
3586344
3586595
3586786
3586986
3587195
3587406
3587618
3587839
3588014
3588212
3588388
358856
3588601
3588805
3589001
3589232
3589413
3590778
3590937
359096
3591116
3591334
3591524
3591739
3591948
3592152
3592368
3592570
3592756
3592962
359303
3593252
3593461
3593966
3594155
3594329
3594519
3594709
3594900
3595064
3595208
359540
3595427
3595637
3595846
3596019
35961
3596230
3596428
3596611
3596816
3597009
3597216
359738
3597448
3597659
3597868
3598078
3598292
3598482
3598672
3598891
3599095
3599299
3599506
359961
3599707
3599907
3600108
3600315
3600511
3600717
3600953
3601162
3601371
3601576
360164
3601825
3602112
3602329
3602540
3602756
3602967
3603177
3603431
3603710
360386
3603931
3604171
3604443
3604690
3604962
3605181
3605379
3605589
3605844
360594
3606050
3606256
3606446
3606654
3606863
3607071
3607272
3607481
3607691
3607896
360802
3608125
3608337
3608527
3608716
3608929
3609131
3609332
3609525
3609723
3609923
361012
3610131
3610324
3610543
3610753
3610964
3611174
3611384
3611594
3611804
3612014
361212
3612224
3612434
3612644
3612854
3613064
3613274
3613482
3613694
3613903
361421
361630
361838
3619287
3619583
3619790
36197
3619995
3620203
3620399
362039
3620619
3620844
3621058
3621264
3621466
3621678
3621858
3622032
3622229
3622423
3622629
362278
3622827
3623048
3623255
3623466
3623675
3623890
3624094
3624299
3624509
3624717
362477
3624926
3625132
3625346
3625556
3625754
3625964
3626172
3626350
3626548
3626757
362685
3626969
3627179
3627392
3627599
3627811
3627989
3628204
3628406
3628604
362860
3628813
3629023
3629213
3629430
3629640
3629849
3630065
3630276
3630486
3630696
363071
3630904
3631114
3631297
3631482
3631694
3631903
3632113
3632320
3632528
3632721
3632922
363311
3633131
3633341
3633550
3633768
3633981
3634189
3634408
3634615
3634825
3635039
3635250
3635460
363551
3635668
3636403
3637082
363759
3637818
3638029
3638251
3638441
3638647
3639244
3639441
3639661
363970
3639873
36398
3639
3640072
3640255
3640465
3640671
3640877
3641085
3641260
3641470
364177
3641792
3641985
3642180
3642405
3642611
3642817
3643012
3643237
3643444
3643650
364384
3643858
3644065
3644270
3644481
3644687
3644898
3645107
3645318
3645525
3645763
364590
3645961
3646167
3646375
3646658
3646961
3647188
3647394
3647604
364767
3647850
3648061
3648267
3648468
3648678
3648899
3649109
3649304
364945
3649507
3649709
3649916
3650184
3650398
3650605
3650816
3651011
3651210
365122
3651613
3651823
3652035
3652247
3652458
3652668
3652876
3653096
365314
3653172
3653248
3653451
3653666
3654142
3654355
3654528
3654707
3654893
3655094
365521
3655323
3655532
3655770
3655980
3656368
3656590
3656807
3657027
3657264
365728
3657473
3658022
3658230
3658449
3659145
3659363
365936
3659585
3659975
3660183
3660397
3660596
3660801
36608
3661006
366134
3661428
3661650
3661823
3661996
3662222
3662438
3662657
3662864
3663075
3663281
366334
3663491
3663668
3663903
3664109
3664307
3664551
3664762
3665004
3665219
366534
3665441
3665685
3665896
3666097
3666292
3666505
3666712
3666914
3667156
366726
3667356
3667753
3668209
3668699
3668896
3669104
366917
3669341
3669533
3669737
3670074
3670279
3670493
3670697
3670906
3671130
367128
3671417
3671604
3671812
3672019
3672231
3672443
367340
367565
367756
3678588
3678841
3679042
3679246
3679421
367948
3679628
3679833
3680050
36801
3680943
3681139
3681346
368140
3682664
3682904
3683115
3683320
368332
3683544
3683760
3683953
3684163
3684380
3684632
3684859
3685070
368525
3685275
3685641
3685814
3686069
3686277
3686825
3687027
3687393
368755
3687591
3687786
3687985
3688191
3688391
3688597
3688803
3689011
3689217
3689417
3689611
368975
369159
3692843
369368
369536
369745
3697806
3698036
3698244
3698453
3698661
3698863
3699067
369960
3699948
3700120
3700292
3700483
3700656
3700865
37011
370175
3702083
3702291
3702486
3702695
3702901
3703075
3703332
3703543
3703754
370390
3703944
3704135
3704347
3704552
3704762
3704976
3705183
3705390
3705578
3705787
370601
3706022
3706232
3706460
3706677
3706921
3707134
3707344
3707551
3707760
3707980
370814
3708190
3708399
3708614
3708690
3708767
3708968
3709191
3709392
3709642
3709837
3710114
371029
3710318
3710516
3710722
3710958
3711188
3711441
3711704
3711967
3712154
3712352
371250
3712568
3712780
3712987
3713196
3713402
3713610
3713818
3714026
3714234
3714440
371457
3714648
3714853
3715058
3715264
3715470
3715676
3715885
3716140
3716348
371636
3716516
3716708
3716902
3717108
3717317
3717525
3717734
3717940
371814
3718154
3718355
3718565
3718775
3718986
3719186
3719360
3719540
3719708
3719890
3720062
372013
3720233
3720414
3720597
3720780
3720966
3721155
3721340
3721522
3721708
3721917
37219
3722125
372221
3722354
3722550
3722760
3722975
3723173
3723378
3723586
3723795
3723990
3724182
372430
3724381
3724572
3724772
3724973
3725176
3725369
3725584
3725793
3725992
372599
3726195
3726391
3726579
3726771
3726953
3727180
3727391
3727602
3727813
3728024
372808
3728235
3728446
3728657
3728868
3729079
3729290
3729501
3729712
3729923
3730134
373016
3730345
3730556
3730767
3730978
3731189
3731400
3731611
3731808
3732019
3732231
373229
3732431
3732895
3733104
3733312
3733524
3733734
3733951
3734159
373432
3734348
3734550
3734789
3735318
3735539
3735736
3735945
3736171
373638
3736393
3736635
3736842
3737048
3737255
3737453
3737661
3737904
3738096
3738282
373845
3738491
374054
374263
37426
3743814
374472
374681
3748576
374867
3748785
3748994
3749201
3749410
3749619
3749828
3750057
3750294
3750516
3750725
375076
3750919
3751783
3752230
3752539
375286
3753888
375495
3755041
3755776
3756704
375704
3757995
3758695
3758896
3759105
375912
3759313
3759526
3759748
3759972
3760178
3760387
3760596
3760821
3761029
376121
3761250
3761454
3761658
3761861
3762064
3762268
3762472
3762681
3762886
3763085
3763285
376337
3763485
37635
3763682
3763879
3764055
3764234
3764416
3764628
3764837
3765075
3765287
376547
3765499
3765690
3765909
3766117
3766325
3766533
3766741
3766953
3767208
376740
3767418
3767619
3767827
3768035
3768244
3768454
3768664
3768878
3769094
3769304
3769515
376953
3769724
3769925
3770132
3770341
3770550
3770759
3770968
3771177
3771386
3771595
377175
3771804
3772013
3772222
3772431
3772606
3772801
3772998
3773195
3773392
3773572
3773764
377385
3773961
3774158
3774351
3774555
3774745
3775171
3775383
3775594
3775806
3776017
377617
3776229
3776442
3776654
3776862
3777072
3777282
3777492
3777702
3777912
377795
3778122
3778330
3778540
3778751
3778958
3779164
3779371
3779578
3779784
377996
3779990
3780196
3780402
3780611
3780817
3781024
3781231
3781438
3781645
3781852
3782059
378205
3782266
3782473
3782680
3782887
3783094
3783300
3783506
3783713
3783920
3784126
378413
3784332
37843
3784539
3784746
3784953
3785160
3785367
3785574
3785781
3785988
3786195
378621
3786402
3786609
3786817
3787021
3787228
3787435
3787642
3787849
3788056
378811
3788262
3788469
3788676
3788883
3789089
3789295
3789501
3789707
3789913
379011
3790121
3790328
3790536
3790746
3790952
3791161
3791368
3791575
3791785
3791993
3792200
379228
3792406
3792612
3792819
3793025
3793231
3793438
3793644
3793851
3794057
3794263
3794469
379446
3794676
3794882
3795088
3795295
3795502
3795709
3795916
3796119
3796330
3796542
379661
3796753
3796964
3797172
3797383
3797589
3797783
3797976
3798170
3798378
3798579
379860
3798776
3798973
3799168
3799364
3799953
3800160
3800350
3800559
3800767
3800974
3801186
3801397
3801607
3801817
3802027
3802238
3802449
380256
3802659
3802870
3803080
3803290
3803500
3803710
3803920
3804146
3804374
3804600
3804828
380482
3805054
38050
3805280
3805505
3805731
3805958
3806185
3806394
3806604
3806810
380700
3807016
3807222
3807428
3807635
3807842
3808049
3808258
3808468
3808678
3808887
3809096
3809302
3809512
3809719
3809928
3810135
3810346
3810553
3810759
3810965
3811156
3811364
3811572
3811780
3811988
3812196
3812404
3812612
3812821
3813029
3813236
3813442
381345
3813650
3813858
3814065
3814274
3814482
3814691
3814900
3815109
3815318
3815512
3815706
3815911
3816125
3816334
3816543
3816752
3816967
3817183
3817391
3817599
3817805
381794
3818012
382255
3823045
3823256
3823468
3823680
3823892
3824104
3824318
3824530
3824742
3824861
3824978
3825090
3825190
3825303
3825374
3825630
3825825
3826050
3826259
3826468
3826677
3826886
3827095
3827304
3827513
3827722
3827931
3828140
3828349
3828561
3828771
382878
38288
3828980
3829188
3829408
3829606
383095
3834663
3834893
3835101
3835309
3835517
3835726
3835935
3836144
3836353
3836567
3836776
3836984
3838092
3838622
3839440
3840306
3840516
3840707
3841328
3841498
3841685
3841891
3842075
3842281
3842455
3842628
3842801
384292
3842971
3843143
3843353
3843564
3843780
3843974
3844167
3844375
3844570
3844779
384485
3844988
3845197
3845408
3845616
3845824
3846032
3846225
3846428
3846644
3846867
3847084
3847288
3847516
3847722
3847930
3847
3848123
3848331
3848553
3848726
3848931
3849139
3849345
3849533
3849749
38498
3849950
3850146
3850336
3850518
3850700
3850894
3851826
3852036
3852250
3852459
3852667
3852864
3853102
3853310
3853462
3853652
3853860
3854068
3854277
3854485
3854693
3854901
3855110
3855317
3855525
3855734
3855942
3856139
3856336
3856543
3856754
3856930
3857106
3857315
3857508
3857685
3857907
385790
3858115
3858324
3858539
3858766
3858975
3859184
3859381
3859593
3859804
385997
3860012
3860223
3860433
3860625
3860855
3861088
3861310
3861519
3861728
386189
3861933
3862142
3862341
3862553
3862771
3862979
3863180
3863378
3863591
3863799
3864009
386402
3864220
3864429
3864638
3864845
3865512
3865915
386642
3866496
3867304
3867726
3868383
386869
3868924
3869531
3870315
3870837
38708
3871254
3871594
3871886
387196
3872532
3872861
3873190
3873685
3874267
3874848
3875539
3876068
3876276
3876666
3877350
3877663
3878422
3878596
3879072
3879544
3879737
3879921
388008
3880407
3880932
3881415
3881897
3882106
388230
388437
388646
388823
389015
38918
389233
389413
389609
389817
390020
390210
390418
390626
390829
391221
39130
391430
391651
391859
392052
392261
392475
392687
392900
393093
393300
39339
393510
393711
393921
394116
394302
394494
394691
394899
395111
395325
39550
395555
395752
395961
396192
396401
396611
396856
397047
397255
397536
39760
397744
397952
398162
398372
398581
398798
398987
399250
399449
399646
39972
399850
400044
400255
400447
400643
400840
401069
401277
401491
40175
401927
402503
402722
40379
404058
404235
404720
405281
4053
405472
405663
40587
405893
406215
406425
406635
406841
407048
407242
407426
407619
407804
40794
408033
408255
408481
409463
41002
410800
411138
411619
411801
411993
41210
412187
412382
412580
412785
412983
413184
413389
413586
413775
413973
414147
41418
414342
414550
414744
414953
415160
415370
415565
415771
415982
416181
41626
416394
416601
416808
417016
417224
417435
417644
417871
418068
418276
41833
418484
418681
418884
419091
419302
419549
419729
419920
420130
420348
42041
420561
420757
420981
421179
421394
421603
421848
422176
42249
422665
424001
42455
425332
42663
426
427404
427949
428166
428563
42870
429905
43078
431246
432546
43287
432963
433289
433478
433670
433862
434055
434248
434441
434635
434842
43501
435045
435236
435433
435623
435795
436003
436197
436392
436578
436767
436954
43709
437143
437333
437521
437722
437917
438105
438305
438520
438703
438912
439122
43917
439333
439546
439739
439947
440161
440363
440565
440773
440981
441189
44135
441397
441624
441851
442078
442297
442509
442719
442928
443136
44327
443344
443599
443791
444003
444215
444403
444610
444814
445022
445232
44536
445440
445648
445859
446066
446264
446463
446650
446862
447071
447266
447529
447738
447946
448133
448321
448498
448677
448860
449043
449226
449434
449627
449834
450042
450235
450423
450631
450847
451055
451262
451455
451665
451839
452054
452263
452471
452679
452933
45308
4530
453193
453446
453708
453985
454193
454387
454584
454764
454973
455187
455387
455884
456093
457392
458701
459962
461291
46178
462732
46388
464499
465802
46597
467173
467372
467581
467746
467911
468076
46809
468241
468406
468632
468858
469084
470391
470600
470804
471848
472067
472284
472492
472702
472910
473142
473354
473563
473769
473970
4739
474173
474379
475367
475563
475746
475940
476134
476348
476557
476765
476974
477183
477391
477600
477809
478002
478214
478427
478619
478828
47891
479033
479239
479438
479632
479826
480038
480246
480470
480669
480878
481050
481259
481466
481688
481896
482107
482318
482529
482734
482943
483163
483370
483582
483791
484004
484199
484394
484589
484784
484979
485174
485369
485564
485775
485966
486166
486375
48654
486574
486765
486956
487167
487377
487570
487809
488016
488225
488402
488611
488837
489061
489272
489479
489689
489898
490106
490318
490530
490739
490937
491145
4930
49748
49942
499504
50136
50347
50550
50755
507832
508271
508646
508984
509345
509555
50965
509765
509975
510185
510395
510591
510799
511005
511218
511423
51156
511636
511920
512338
512830
513396
51362
513833
514502
51573
515833
516042
516638
516855
517062
517279
517499
51765
517710
518153
518373
518583
518790
519000
519208
519419
519626
51974
519833
520040
520232
520439
520646
520853
521060
521269
521496
52166
521708
521920
522131
522315
522517
522701
522880
523080
523289
523499
523722
52382
523930
524140
524350
524556
524749
524944
525154
525364
525556
525761
52591
525954
526167
526377
526568
526777
526985
527196
527405
527617
527794
52799
528006
528215
528421
528629
528869
529081
529287
529496
529705
529916
530126
53012
530334
530550
530751
530950
531151
531366
531582
531821
532070
53221
532255
532501
532725
532964
533212
533432
533641
534296
53435
534534
534767
535002
535219
535427
535638
535846
536018
536226
536438
53644
536638
536831
537004
537200
537405
537615
537979
53853
539290
539506
539700
539908
540118
540327
540548
54062
540763
540993
541202
541411
541620
541836
542047
542223
542416
54256
542607
542830
543041
543252
543474
543686
543906
544130
544338
544547
544757
544966
545175
545398
545607
545822
546024
546202
546395
546579
54673
546785
546991
547217
547426
547636
547846
548056
548230
548405
548588
548763
54881
548959
549157
550033
550244
550484
550692
55085
551751
552529
553058
55306
553331
553552
554726
555209
55523
555407
555613
555814
555991
556203
556414
556624
556838
557052
557260
557475
55753
557684
557890
558098
558639
559048
559569
55959
559772
559980
560191
560421
560634
560825
561016
561210
561422
561631
56168
561840
562039
562238
562447
562636
562818
563027
563235
56406
56615
567568
568063
56825
568292
568515
569823
570171
57038
571485
571729
571946
572154
572367
57247
572571
572783
573003
573213
573425
573625
573843
574052
574276
574481
57457
574686
574895
575091
575299
575507
575716
575927
576103
576295
576508
57665
576715
576923
577134
577346
577558
577772
577987
578196
578414
578626
57873
578804
578998
579192
579381
579592
579799
580018
580225
580415
580625
58082
580838
581050
581266
581464
581673
581886
582099
582308
582516
582728
58290
582939
583150
583361
583566
583762
584534
584748
584964
58498
585181
585397
585582
585792
585993
586194
586393
586602
586794
586984
58709
587182
587373
587566
587740
587949
588150
588332
588511
588721
588945
589154
58927
589353
589529
589724
589934
590142
590351
590559
59141
591511
591983
592455
592710
592902
593444
59358
593652
593860
594052
594245
594454
594662
594864
595071
595280
595499
595718
595889
59592
596097
596304
596511
596705
596914
597123
597332
597544
597752
597958
59803
598166
598375
598585
598793
599001
599209
599401
599620
599845
600056
60013
600267
600509
600743
600975
601165
601373
601584
601769
601961
602152
602347
60252
602542
602752
602961
603153
603368
603562
603757
603946
604141
604335
604529
60458
604716
604910
605104
605298
605491
605685
605894
606096
606299
606509
606710
606921
60695
607130
607340
607548
607756
607962
608173
608381
608597
608808
609028
60908
609236
609448
609661
609872
610080
610293
610502
610711
610919
61109
611127
611338
611546
611770
611981
612189
612401
612611
612821
613030
613242
61329
613454
613665
613877
614087
614299
614510
614719
614929
615139
615349
61539
615559
615769
615980
616190
616402
616613
616824
617033
617242
617434
61756
617657
617874
618074
618274
618486
618665
618871
619081
619291
619501
61968
619711
619921
620131
620341
620551
620760
620954
621164
621359
621556
621748
62178
621929
622138
622348
622521
622697
622907
623090
623890
62410
624373
624448
624655
624983
625198
625407
625614
625825
626041
626244
62643
626443
626631
626851
627065
627274
627483
627692
627900
628108
628330
628512
628727
62875
628931
629144
629352
629559
629770
629978
630186
630401
630615
630822
631037
63109
631249
631457
631649
631901
632149
632341
632540
632732
632941
633158
633367
63341
633576
633784
633992
634201
634410
634652
634855
635064
635273
635463
635671
63572
635879
636072
636273
636485
636693
636886
636
637095
637305
637514
637717
637911
63803
638119
638326
638537
638746
638955
639167
639380
639592
639813
640020
640238
64035
640442
640659
640856
641071
641266
641488
641725
641960
642199
642408
642630
64268
642821
643018
643191
643390
643583
643791
644002
644211
644389
644562
644737
644950
64501
645158
64733
64943
65197
652227
652447
652653
652868
653074
653280
65405
65618
65829
66040
66255
66452
665517
665727
665955
666200
666422
666625
66662
666817
667021
667220
667425
667636
667847
668045
668253
668420
668636
66871
668840
669745
670073
670457
67055
670673
671982
67272
673293
673994
674501
67468
675837
67677
67886
68079
68288
683894
684094
684289
684484
684695
684921
68497
685129
685320
685512
685721
685930
686138
686346
686554
686753
686951
68712
687149
687368
687585
687775
687968
688156
688345
688555
688753
688963
689174
68921
689382
689594
689803
690036
690269
690478
690694
690892
691100
691326
691552
69159
691778
692004
692230
692456
692648
692845
693016
693186
693384
693576
69368
693786
693979
694171
694363
694557
694771
694983
695201
695437
695669
69577
695903
696115
696314
696525
696727
696936
697144
697323
697521
697730
69786
697923
698097
698411
698630
698826
699035
699273
699506
69961
699714
700043
70153
703440
704014
704206
70425
704413
704628
704837
705051
705259
705464
705664
705874
706093
706302
70635
706512
706721
706937
707151
707362
707567
707784
707993
708201
708409
70844
708638
708849
709049
709268
709487
709695
709906
710129
710321
710531
71053
710739
710966
711176
711383
711594
711800
712004
712213
712405
712614
71262
712823
713035
713236
713446
713656
713881
714091
714306
714520
714722
71472
714925
715140
715367
715576
715793
716010
716219
716428
716621
71672
716813
717007
717199
717397
717590
717781
717973
718165
718363
718555
71871
718748
718940
719138
719354
719561
719769
719948
720157
720369
720578
720776
72078
720985
721195
721412
721602
721794
721988
722181
722373
722565
722757
72289
722966
723176
723400
723601
723802
724002
724212
724420
724629
724841
72498
725055
725263
725472
725682
725859
726070
726259
726447
726655
726866
727075
72709
727292
727493
727702
728162
72921
730553
73130
73339
73548
73757
738042
738929
739316
739657
73966
74178
74387
745041
74596
74807
75016
751480
75225
75434
756046
756247
75638
756442
756634
756832
757028
757224
757913
758087
758271
758480
758688
758923
759159
759362
759558
759770
75990
759979
760188
760396
760604
760811
761016
761227
761427
761627
761836
762034
762231
762426
762645
762853
763061
763269
763441
763661
763871
764079
764288
764496
764698
764890
765099
765299
765522
765699
765878
766070
766310
766520
766730
766922
767113
767289
767484
767698
767907
773104
773313
773523
773732
773975
774185
774394
774603
774812
775021
775230
775439
775648
77664
785443
786754
787079
787293
787470
787671
788134
788522
788730
788940
789151
789358
789552
789744
789942
790135
790344
790551
790763
790975
791152
791328
791541
791749
791957
792167
792361
792569
792788
793113
793327
793539
793730
793920
794109
794300
794491
794682
794873
795064
795253
795444
795637
795845
796055
796265
796512
796703
796911
797122
797327
797535
797753
797971
798185
798393
798565
798756
798967
799177
799392
799597
799806
800012
800216
800425
800636
800841
801047
801261
801470
801685
801898
802108
802321
802530
802738
802946
803152
803366
803582
803791
804291
804668
808624
808884
809082
809290
809477
819272
819484
819710
819922
820157
820370
820582
820794
821006
821219
821443
821676
821752
822106
822567
823464
823664
823865
824067
824264
824444
824652
824860
825068
825276
825484
825692
825880
826068
826256
826444
826632
826820
826
827008
827193
827381
827569
827757
827945
828133
828321
828509
828697
828881
829071
829255
829447
829663
829895
830087
830282
830486
830697
830883
831104
831296
831505
831707
831909
832116
832322
832519
832725
832920
833128
833336
833541
833748
833965
834175
834381
834579
834772
834972
835176
835394
835613
835836
836035
836224
836441
836651
836859
837141
837352
837569
837775
838010
838218
838427
838627
838836
839048
83906
839258
839460
839676
839871
840066
840267
840473
840666
840880
84098
841077
841292
841500
841703
841911
842114
842319
842544
842762
842986
843192
843372
843587
843796
844005
844215
84440
844434
844660
844868
845078
845289
845496
845725
845927
846128
84626
846324
846534
846733
846938
847146
847342
847551
847745
847997
848212
84821
848384
848559
848735
848953
849162
849371
849577
849778
849960
85013
850144
850339
850543
850746
850955
851200
851413
851621
851813
85204
852070
852278
852487
852695
852889
853075
853263
853451
853639
853827
854015
85412
854203
854391
854579
854790
854987
855197
855407
855617
855828
85589
856039
856250
856460
856671
856879
857089
857300
857510
85761
857721
857929
858139
858347
858557
858768
858978
859235
85933
859446
859655
859879
860065
860250
860487
860732
860967
861175
861383
86144
861594
861802
862010
862218
862426
862638
862848
863058
863263
863473
86353
863685
863894
864106
864319
864528
864739
864947
865154
865365
865576
86562
865784
865992
866232
866465
866716
866925
867133
867306
867521
867732
86782
867913
868136
868345
868555
868751
868961
869168
869379
869591
86975
869802
870012
870220
870421
870629
870837
871045
871240
871464
871672
87186
871880
872088
872297
872505
872708
872916
873124
873334
873542
873755
87377
873965
874173
874383
874591
874802
875009
875196
875382
875567
875751
87586
875956
876167
876380
876587
876795
877333
877528
877737
877935
87794
878132
878327
878535
878743
878955
879161
879368
879568
879773
879981
88001
880165
880365
880574
880770
880966
881164
881355
881548
881770
881978
88198
882195
882447
882648
882855
883063
883264
883490
883702
883912
88400
884124
884336
884548
884723
884898
885107
885325
885532
885742
885950
88610
886158
886366
886576
886782
886952
887195
887404
887614
887813
887994
88819
888202
888407
888615
888823
889063
889274
889473
889680
889883
890095
89027
890286
890495
890707
890918
891153
891364
891588
891781
891990
892207
89234
892414
892606
892814
893024
89449
89656
89870
90079
901476
901684
901894
902072
902268
902479
902687
902896
90295
903099
903337
903576
903792
904002
904218
904429
904637
904848
905049
90504
905218
905420
905614
905830
906037
906208
906421
906612
906805
90698
906995
907191
907552
907761
907951
908161
908358
908569
908781
908978
90907
909178
909387
909595
909806
910008
910195
910406
910628
910839
911039
911116
91117
912330
912643
912994
91317
913541
913870
914183
914595
915010
91516
915383
915715
916435
917022
91715
918005
918716
91887
918922
919191
919657
919869
920080
920417
92093
920970
921311
921529
921737
921950
922161
922375
922584
922794
923003
92301
923212
923427
923619
923813
924005
924214
924424
924633
924833
925033
92511
925232
925414
925623
925834
926021
926201
926402
926600
926805
927004
92719
927202
927381
927589
927798
928007
928217
928412
928609
928834
929046
929258
92932
929470
929693
929899
930080
930293
930501
930698
930910
931122
931341
93141
931550
931759
931972
932168
932391
932599
932794
933005
933214
93346
933686
934156
934628
935100
93556
935572
936044
93747
937563
938410
938882
93939
940137
940383
941167
94143
941721
942132
942330
942866
943062
943269
943466
94347
943695
943912
944791
944941
945167
945343
945536
94569
945714
945915
946103
946320
946520
946720
946926
947133
947340
947537
947723
94785
949222
949423
949623
94972
949829
950028
950234
950450
950661
950875
951089
951293
951489
951704
95180
951897
952118
952332
952546
952739
952950
953153
953365
953547
953740
95389
953934
954128
954325
954539
954727
954918
955132
955346
955537
955730
955946
95597
956144
956336
956562
95806
96021
96229
96437
965095
965298
965492
965689
965998
96647
966873
967621
968538
96857
968729
97065
97269
97467
97660
977944
978139
97853
978719
978938
979152
979390
979603
979815
980047
980258
980491
98062
980717
980928
981126
981346
981564
98272
98741
98947
990033
990247
990457
990671
99160
993578
993792
99394
994006
99602
99810
GCF_905219385.1_QI0055_genomic.fna
