199716
158605
185952
183709
6081
7106
14668
4414
5027
357
10120
6957
39285
9127
145714
49712
36196
2442
17060
1701
4961
9643
5038
197202
140683
9236
151280
4935
48290
82218
11096
3920
5123
2347
6608
36777
34689
36042
93420
6813
91135
28585
3732
173295
3067
6692
417
5647
6810
4845
18824
112425
4957
78460
36691
2403
8372
6893
8068
3780
4991
31420
5690
8806
187275
22706
3285
104791
139087
11875
33263
2655
168736
147137
35330
6929
7308
38243
2867
7852
188837
9728
2900
4945
6368
5192
4860
2832
13191
5010
145801
7071
4099
5298
156875
3050
209200
6348
6384
5042
2855
9737
4198
5092
25104
5753
3298
134851
221319
5402
31150
45114
2955
7760
125950
34435
37810
12035
39535
322
167540
46917
24951
631
181658
5160
4661
5013
2730
400
5205
197951
9716
6476
7100
5181
96842
34308
31443
4650
4864
3885
3864
4811
3565
68781
60172
5405
7699
5804
19210
195446
111181
492206
151692
111521
9826
2970
166790
163567
32973
112532
3674
108320
3272
5164
436
6649
3553
2679
4950
357
2736
108445
2377
107063
5205
59986
633
3842
17318
5640
29598
7527
9193
2649
2586
2759
5390
5244
5538
3064
122934
111226
7898
49341
33648
2844
159591
94805
254906
5762
56576
9134
87694
109579
92502
5651
2920
34367
5648
5320
142965
473
8872
915
2515
42599
4770
38261
47471
54192
5209
3012
36075
2811
2914
2741
5657
3289
97861
85337
37852
6327
5427
109794
92726
95468
10475
15778
40064
6493
75929
6592
33626
41177
260725
2902
72741
3670
4912
61265
9042
4674
81679
98613
170525
249183
8355
5005
50729
1627
8309
2967
3091
34137
2951
3165
2760
53545
13905
177552
5858
12243
58773
2807
120895
261406
258668
12691
199145
11161
62327
31665
2794
5770
31683
14406
19223
2558
2938
105504
25332
121226
3211
5536
2889
2808
5521
6646
30706
32741
2790
5855
36368
222923
5129
2864
5422
12835
118943
63805
31659
74469
45142
33881
5547
3476
40896
253678
49690
5462
172253
328423
39485
7413
2824
38919
28959
13026
28367
3101
4588
40283
6137
27960
73326
81716
11638
33721
181707
2878
383622
105921
2882
245348
149221
268489
682
223
2866
1345
1111
1217
2518
261020
5365
211822
227445
50953
5251
90170
293837
109600
31992
294
1007
43715
37424
61367
7477
1480
62930
5175
9331
412162
149548
51492
1332
87924
11737
5121
3236
4931
79614
56680
366790
173269
6452
765
4420
1227
1171
1277
6652
42663
230765
277245
102244
69334
79185
2702
23679
2958
52185
85007
408
22566
49546
60133
6193
2936
5023
8277
6151
5492
348783
5615
1151
3176
8854
6662
7206
35249
15328
80030
79875
88709
9631
6002
1179
12093
1403
1162
991
937
6997
138057
172647
101659
8514
2619
47514
2821
27466
2746
6451
46994
532
6762
33625
34377
23125
50759
1167
2407
99789
211469
566
61778
24221
6839
6867
248020
96545
4782
200724
7528
89725
14323
178934
176855
7064
611
9406
1003
871
1355
1102
6497
85770
6891
263348
42065
103062
5804
43402
48760
65695
47512
477
2057
38038
41620
641
2756
23031
184558
42298
6224
284932
7458
183049
11869
365069
209
3786
3337
4668
47612
44454
106301
54157
5864
45842
40685
81650
6422
47712
12675
3786
8908
4415
13444
7862
5363
4447
11466
8427
6640
10244
14099
7904
8168
19861
5522
7894
9729
7052
6567
9441
375
6413
7741
11170
9688
6357
3273
5438
248652
159017
6931
5497
47333
63700
40477
342688
1408
138788
370
9095
5560
12782
12733
8173
8177
7672
416
5766
492
4906
2132
8838
7304
7659
8274
11828
18262
8559
6530
6257
14290
19125
20086
9138
29133
13853
4390
8017
2917
35468
48580
126075
162203
39726
54837
4407
3275
1167
6658
3739
10909
7644
9033
8791
11803
7960
17221
10474
1366
4763
6540
6602
13840
12374
11281
10998
6916
7153
9813
9881
7646
7264
8280
6166
6881
6122
9721
16799
6994
6088
17646
35198
4423
337014
38034
2801
55334
138188
2505
591
57825
9039
562
8286
8456
10554
9588
9560
11277
7641
8249
11475
14836
8436
9696
11148
11703
7031
16803
13481
4226
22466
13196
7938
11881
12131
6671
11089
8498
10554
13742
9522
1107
1698
446
9042
558
12012
353
11121
6429
5427
12692
15196
24140
9381
10068
8674
9702
5911
4896
422
13807
11494
1687
1454
10723
16902
18136
9729
8019
10955
10399
11230
15147
15452
15799
7970
5455
13990
1199
8869
9902
477
4212
7401
14622
7202
8578
10154
7038
1118
3302
6822
4161
8500
4943
3454
10169
6647
16429
9945
5311
10556
18360
9868
14717
4690
12597
18462
3185
10457
11759
5028
9183
6900
14248
7197
23403
13894
532
18963
4415
6064
10766
7465
6141
5181
6937
1754
8792
13756
9853
1922
1342
15289
5222
19774
8144
6530
10107
5559
7293
9340
16126
11159
15882
13725
13580
15183
6554
400
5650
593
6611
612
9216
374
30317
22751
25371
1540
7950
4911
5335
8975
7166
2674
4612
8693
5517
4255
1429
15692
7525
32157
9909
7904
14359
8539
6881
8031
7848
8309
15523
10596
4526
26713
6925
5084
4747
30616
5437
251
5236
10559
7905
6845
9390
6628
9701
9846
12035
9172
8317
25329
440
372
4577
14620
731
10077
14023
14683
16625
4740
9955
13946
18792
10033
6844
8943
13250
9498
12765
6730
3864
5656
7201
5833
9833
14598
19413
10856
9491
7922
8323
9954
563
396
362
494
7006
11911
508
4791
14145
13404
10373
7929
13993
6643
17199
8738
15602
8768
7402
14183
8802
9549
10303
10555
6344
7557
5519
4297
8517
11234
6975
9044
12525
10630
9914
14259
4678
9854
5731
370
348
568
11636
9310
1613
7532
14957
7257
11505
14027
17260
1643
15524
10812
10502
10351
9385
10728
14912
9036
15110
14996
9956
7180
4948
7552
4142
11110
27622
10057
17389
10713
13744
20036
23038
7427
4242
8473
8146
5564
571
358
298
5037
7867
8771
12106
7868
582
11911
10268
11847
14851
7798
9773
2720
10848
7773
11212
17014
12930
14664
11001
7624
8829
5358
5342
5143
8711
4890
9317
37435
23125
5836
9216
6633
4237
171129
155017
158366
4346
43664
8319
46775
1020
12765
8340
5079
5098
11074
16917
23599
2674
15940
2876
7735
3040
13738
189314
46736
2816
6805
10693
4467
12617
74155
36794
33409
37154
37529
34576
36372
14404
6947
7926
9698
7970
7721
33625
48740
43476
11244
32669
166697
14915
159313
154850
10445
10878
1555
1056
1144
10092
54728
16582
2748
9719
9817
2589
144558
17086
11385
16875
5375
281154
5448
67984
6950
7299
162042
92514
23003
32287
5335
13675
35835
50507
49019
13303
8931
6820
5548
38734
24170
107707
5473
9196
1395
4341
12698
14603
7703
14306
6100
10486
12645
2445
7209
10438
10248
4789
3186
13434
13988
2995
43676
7589
34073
4319
2094
2415
97194
35527
34794
36752
35502
37146
49546
45725
6954
10497
107864
10821
221087
7463
11942
6703
52313
32406
8932
15684
6107
37128
6308
352387
4890
6895
3356
148412
6363
4205
5427
271152
12263
10213
1955
2526
158331
131738
8207
2623
2745
10891
36741
36122
37019
35223
15014
12574
36899
36364
36687
10252
14352
9599
10849
18400
15619
6335
9810
15104
5481
10024
17614
14133
11080
11546
10888
10257
10461
5060
12503
8985
15437
5510
10955
15800
10680
12322
14601
8671
9778
13836
5695
13565
64417
8349
14195
9546
10725
4838
7960
9955
6958
10734
14004
6563
9547
1607
8399
10191
9536
10391
5220
10438
11963
10973
9774
6617
7804
10144
7970
9569
10777
10162
10440
9977
10028
11583
10992
7792
11474
8353
5319
4194
14083
8069
12650
8775
8102
8397
3300
125615
13126
13872
11125
9559
10749
14196
13244
14180
14534
2701
3341
14103
6563
20189
13760
11447
13797
31023
11290
13785
11380
10883
4963
10791
10246
29416
11595
16954
11030
4937
9794
7378
199476
9493
10123
13678
20549
2238
1250
10449
7902
4484
12925
9223
10458
9800
10709
25083
9881
13392
16927
10867
6893
5996
5307
15800
10068
15872
11360
8692
9689
7745
10360
12371
9712
9950
14724
7885
7419
10313
11314
4786
204189
12632
10224
13715
10193
14802
9603
7259
7638
8322
5616
154926
21021
8357
5064
8989
6145
11449
6092
10719
8263
8253
8926
9233
55624
2415
1476
16387
15197
138736
10091
32411
18099
107123
13255
14266
5555
8075
8424
20840
19659
11615
1597
2662
35436
2919
162024
66125
98267
5983
10156
17537
6072
42079
35455
9721
13712
3493
8095
9644
9863
1345
3214
7354
6617
3040
28612
9417
8356
10070
5290
3521
1257
1585
3156
12824
15461
4668
4617
25846
11319
28980
130498
45494
10573
1399
12789
295719
71012
4794
5320
4941
1305
63409
99169
9329
3294
7388
7039
7437
4517
9052
8334
1492
14982
4357
2953
45443
6131
455602
63101
17778
73958
14728
22465
5659
5262
44962
11768
18817
7204
1203
2898
17887
47892
39319
9603
6804
10469
8407
12079
4630
9310
9834
7872
11489
17489
7026
7822
8141
1270
10436
6765
2931
9916
12889
14819
9003
1490
42366
5182
38681
7405
14373
29058
243691
3262
167082
11117
1182
57049
921
11183
8224
16581
32569
52950
66054
5636
10549
10297
9306
5132
8190
177024
237600
9595
9077
5559
17000
34265
9185
124599
104873
120280
2861
80394
5623
9827
14991
6387
2955
206904
44147
41463
2904
5730
1235
30094
8356
2906
7548
9858
404779
37150
65462
60927
37537
5544
36215
252564
48845
54699
33649
25890
30477
6635
7849
2382
7660
27665
13758
175487
7468
3697
75755
104586
115963
1126
6997
3739
2717
14201
10631
2898
22903
24279
2733
10161
152006
159508
2651
11503
1450
142523
11025
1195
39798
12333
35362
7870
36291
144849
13143
5345
2786
4518
18047
13646
4960
176364
69696
11290
302592
6147
26360
247638
120528
86044
115721
122432
312295
7198
2627
129889
10600
4875
2848
15546
2247
2978
5191
1105
8261
2499
1126
123249
15280
6957
8117
7982
401930
22166
2797
10478
8014
44369
90110
30784
8524
257533
92170
92967
323003
8147
9408
161004
186588
10464
226784
21652
22136
6832
76194
145322
12871
2368
136089
14451
19557
36582
35773
72235
13777
35862
110853
2830
9930
7392
14465
8732
26379
7019
3481
43668
62013
9422
23774
50234
78117
7594
1495
5030
8924
12541
4976
2993
49992
1309
1425
1411
13344
5193
29255
9678
220290
34806
108693
35709
107923
33279
13746
84961
10819
407551
69031
23329
10441
10030
59571
96846
37023
33112
1266
2789
455834
215931
63022
3045
9221
1415
120795
36526
12037
41614
52365
2898
2652
1376
1665
1088
19995
5200
17011
12640
9593
5505
9326
9800
107181
95950
37669
13599
13088
252645
5184
1318
107844
65392
5030
33979
95856
163319
36223
35130
12897
178968
12988
7010
15436
6021
1103
35909
225827
2639
9860
9876
6543
674
1490
9833
39920
29704
6267
4846
3666
104182
15274
2972
80966
1346
101039
29773
9414
4729
7780
9455
250010
14732
14194
111288
31474
3088
6632
4763
62461
66767
2782
14768
4437
5666
60756
60087
3218
2781
38998
1340
1122
1160
79091
5306
6926
42192
10266
8354
38541
10585
65706
34015
34402
12425
83738
28020
10784
438916
4577
10266
34285
9599
78345
18031
57515
7248
10042
53511
3114
2759
41843
1461
82532
4334
19928
1144
9388
9787
34485
51359
82715
160466
42912
12449
12897
60223
9140
7566
1389
12942
9891
3708
7295
36967
10348
3234
4246
3389
5834
15241
83435
44730
113089
10061
121046
6137
9596
8963
51159
230360
8010
9394
5030
8927
2902
7481
5523
32793
9398
2700
52572
9200
15074
7827
1352
22115
7763
5813
10644
9515
3094
8922
43816
326502
36871
11459
5623
14954
83524
87681
42510
147636
3119
122890
6001
9878
5771
42622
97617
5310
27092
1197
38099
375
10478
1212
10104
163152
1150
2698
74632
69126
55525
150283
10064
2711
10756
9721
27495
30631
1040
9686
10947
6652
4618
22299
5760
7493
355412
3127
7370
5736
10001
4654
12763
86897
23963
121296
10246
122953
6851
1487
56607
4468
8758
2853
2985
14973
37217
31955
46418
2842
150884
10273
7143
10651
9295
25093
3044
6449
6110
10868
4984
5609
83151
2459
41632
17382
94054
2837
2818
68536
12813
101526
10372
12779
278279
80127
45526
3200
259782
82886
95877
4363
37476
79975
67390
7084
14193
8700
5924
9820
8807
24819
7660
146205
8979
36158
33924
99976
9055
3116
11152
7664
2847
2704
9240
8785
60874
5102
2920
8190
21829
13416
145374
48165
1154
91524
35598
94343
7497
2820
46302
4630
64723
257664
260097
105029
95517
2858
168028
9660
380
39789
118902
13307
44340
9376
11430
8891
14710
516
37294
181094
4936
7082
2961
47414
8988
84708
123148
17232
2747
8804
17626
6968
7966
110246
31868
28735
5798
71322
18941
6252
13238
8621
10521
6720
39212
11186
66681
61984
11108
32287
9171
11877
5908
34365
49772
5272
11376
2666
9102
69710
9938
1249
14362
5094
5264
4088
48096
15187
93965
14571
165120
108789
69881
42829
258523
9967
104529
94424
5119
205328
1855
14271
103128
8818
5681
8384
4960
23266
4141
8234
3880
60525
206893
14951
100733
6898
97729
9905
9538
2467
446
2895
7846
9186
6920
115548
13453
9722
1880
158908
2980
5800
9084
14649
163234
13169
7152
6122
9634
568
28575
5869
17974
4163
3017
2965
2913
6707
47352
6327
9032
9583
29169
38038
60133
8505
7518
5086
6830
6087
3115
7498
12818
48516
389
49021
33391
30746
7536
102265
12170
101844
1370
226386
14648
1264
37503
143025
3208
9521
8354
57315
33288
293170
1345
7224
6873
7133
11982
2667
126879
1626
3743
65386
13501
1160
6114
13443
43715
37424
7081
9991
18947
1401
4801
20947
9552
13471
146723
52734
2762
259971
31948
10481
74129
8914
13505
14893
47601
1160
14670
1377
3087
2162
171632
6848
2999
4333
10528
31992
41620
11103
14083
230434
1157
19157
6220
3381
9038
15717
33861
65186
54846
32420
351276
36976
102357
180629
242734
15012
11091
4694
5117
78307
29190
36521
6895
7669
9610
30454
12074
9636
2025
3131
1970
1941
10027
198119
6900
2830
33603
34377
61367
8714
9440
2623
8113
3520
5683
20167
1337
61426
3236
35886
34936
86217
84421
570435
5428
1402
85503
185537
9990
2596
2801
4535
4400
4773
2900
3543
2700
7806
8209
8554
9361
2781
6613
5172
4947
8627
102702
23183
27490
3971
25802
6716
3426
1299
245855
2998
156631
2608
3014
1305
6213
206405
9827
7453
3152
9860
4885
1336
2362
6448
201156
231227
7119
2349
1414
10609
16399
3443
5079
4579
2739
2425
2804
2207
3095
5798
3095
61957
20723
8646
10800
18878
5301
5625
34464
7162
7921
2553
2787
76741
180661
8443
2983
2844
927290
170083
7176
12526
1024
213171
8683
8807
4661
5369
4807
5096
2740
4660
15346
8898
5911
6855
164817
10869
4445
18010
5141
8745
104006
199226
2510
5009
9996
3741
1278
24688
1317
402664
8906
159258
23059
1279
2972
202834
10978
5664
2924
1388
57217
9338
2060
6979
7057
4231
5765
4132
4555
5219
5052
5423
4784
4903
10706
510
5490
20206
25701
11514
10451
1345
11570
47152
100565
6462
4262
14226
7740
266481
3004
180853
1667
145078
6384
2932
4867
1495
201957
177732
3427
3175
97546
1215
1802
6745
65506
5257
8454
18022
49026
48267
108763
55479
13758
31917
94250
8734
40803
204378
159485
228292
84763
181527
62401
1234
10388
110362
12000
53680
47464
5159
7752
7605
8708
33827
9564
17148
46253
158733
8536
18425
72955
123784
8405
8157
7013
1347
1281
46773
10221
2123
7139
4948
5468
7647
9235
24329
4437
55721
2450
6735
154271
35804
62620
103756
54062
185355
173764
179160
109812
12113
11766
11455
2885
12648
41090
98669
15101
16029
7334
8475
7324
100221
4946
7839
9045
29949
141485
4358
2857
40125
36770
6866
4786
44634
110023
55716
9029
124694
165406
168681
191471
25695
9024
3284
6200
6281
2094
40881
145475
96624
4819
7624
8093
7823
174539
8773
1495
9262
70706
6160
1252
9807
98088
125573
7639
5032
177912
8954
3193
6055
3064
79106
114249
11204
7190
9985
226832
29259
67782
14320
52450
180985
186477
169006
53241
3283
514655
9989
3224
16599
23345
95984
2812
2569
8190
9923
3634
56766
2791
8444
9347
5155
4739
16714
41584
12585
9267
5542
6726
916354
173365
14067
9646
64448
6628
112025
15107
113596
9966
227919
550
88003
19842
6586
4392
80258
68209
41145
5580
50193
97167
45353
132036
15147
2759
28748
13236
4935
9385
12934
11474
3499
200406
3167
3799
11617
95588
41070
10316
196611
7559
13077
7279
11173
6053
9913
6865
10764
14896
16600
8944
45505
41764
9917
11672
22631
12709
7167
94104
59110
177692
5229
12984
85814
40691
2658
47090
80721
45887
9625
13557
8478
22301
3020
5998
13804
15740
13658
7608
14148
6541
10364
200705
9612
15744
15484
7265
20580
3479
13294
79891
5774
6493
25451
89962
42640
21362
59394
10739
7877
14586
622
53243
20884
3122
3361
6376
14500
11248
6094
4847
5294
14845
36396
24795
11470
59651
46473
9722
10192
5636
21758
7068
41222
66959
7999
114141
9137
317283
7135
131113
62277
284761
5581
2941
71055
39755
6508
80647
87998
25843
27639
14819
2503
22435
21083
2728
29223
18186
3388
10281
54485
1439
9228
8894
65873
176899
68375
44384
385233
15346
114102
2905
7037
13944
1480
15223
1468
12909
9131
67860
21855
46941
34576
10419
15408
4890
4925
9510
9621
18053
3851
9655
7386
9343
13753
4992
139231
64367
75329
40318
41150
69422
9889
8426
10608
1168
7000
4410
322950
10416
9871
68445
12471
86468
9781
61357
38058
5302
7024
6799
8823
142439
82454
4585
14085
38041
61984
28810
39564
8598
8148
7859
51158
9538
9869
9618
9891
3635
1324
14978
1834
8776
8975
138400
87499
58496
41822
40567
40675
7295
9494
46682
37539
11122
4008
7408
94020
28725
34064
101204
2425
107625
377
8333
9814
6983
3792
3258
1113
1393
10873
718
13184
134111
98266
40746
40601
41342
74915
94799
131923
27784
6849
6403
6297
88883
84948
145616
442577
367187
3160
6322
14886
8704
15515
3020
9215
9911
46589
34170
58509
35118
13316
4841
4860
2883
10552
10409
112125
7622
4057
7570
7232
9720
5169
135270
68936
67854
41302
40715
40420
78270
58562
1460
259508
8576
10271
3192
172750
43424
25931
44391
361185
371995
58637
40394
48623
100513
50159
78244
57533
42270
161013
56439
87795
94551
404422
144848
179534
37287
1762
1224
57210
51536
51968
61723
50708
51864
57086
45663
53005
49600
8991
28741
4922
4893
44653
41105
49324
57989
3531
39239
140865
5660
155867
6889
1131
129293
2035
7084
6296
85969
203063
38515
371408
36650
9968
9609
100793
98405
165756
29609
43171
27893
61100
13924
53758
96145
93251
60491
68905
93328
1170
15229
175315
38509
1435
5269
48840
54195
50412
48962
88080
3720
54162
4698
4989
11052
29487
45407
107908
173332
49230
177607
36352
39795
43935
60835
157975
45640
144874
154433
122701
12485
5517
11898
40730
48623
246869
59215
58634
56557
55924
52391
49955
5113
5614
10319
109391
64834
312144
20387
19705
75303
1111
5134
5653
62472
191826
367329
70064
48362
44370
36775
42288
52824
4136
133818
28530
55706
147674
295879
388598
66324
46772
21337
2769
7143
28803
238944
36103
1441
58690
58869
45772
48445
50925
50380
99559
5141
4906
4724
109844
108255
107614
31595
3659
35174
58593
5243
5299
5324
5150
9704
54969
9096
737142
4291
42158
61691
77119
342459
5374
2746
23850
1323
181723
28767
47840
69559
9669
12625
10707
61130
46532
107720
57986
192511
69415
34199
50862
163026
41008
88012
13822
1251
4957
15975
6573
71072
34326
10246
4781
12123
136945
37454
33480
33799
202166
97844
51126
4528
4753
26462
185996
134978
202236
2166
162033
184664
60178
2099
2831
2976
142077
3387
4979
123873
39000
49837
6768
2808
12147
12512
36856
65941
209471
45743
104805
41387
32532
177616
103948
22505
4387
11093
54229
15192
107422
29969
62565
58975
2872
45345
8357
182584
56006
33530
48266
35697
1371
12131
12546
77679
61358
206459
50794
56447
37644
61383
46595
178558
42451
21262
139235
4709
15881
2364
7589
53749
105201
15211
4805
44609
11358
3158
5675
141906
10662
9975
2264
458
62270
38776
26275
3020
5178
3101
8907
26737
45697
49140
9148
11654
10871
61712
76649
66924
215849
189329
69683
36975
32079
39813
90182
177252
54606
12096
16055
8650
71953
116267
183321
4474
16783
2799
9436
9885
2745
65892
395912
84268
87130
36087
34021
250689
262562
85392
199841
109499
88526
100901
51715
6608
172378
96443
78256
159694
8793
8059
15396
9045
3035
34949
37255
85665
56287
85435
58148
20905
31647
109938
142603
13892
25707
36482
3176
4604
17342
8795
50283
51018
178212
2970
4528
9169
2369
2815
11718
123358
121098
83285
88190
886
35050
85974
258626
56358
59272
111047
189470
25493
6763
54310
180616
50707
39688
59128
11535
2108
11967
63779
105556
42101
8622
10429
36035
123379
115957
88987
3033
16963
262930
86183
28107
107436
75660
158425
7734
8252
68085
84827
33527
36217
9445
50907
3214
1537
404
85829
62893
60366
46616
68827
60047
33638
34141
39266
50916
24526
140447
146023
3679
12033
86745
2915
92126
84473
122628
130159
24430
37410
78274
88338
20066
36944
53255
158162
8816
851
240833
97443
270528
82247
8454
71794
7859
14075
5376
38405
50275
51286
5099
56471
110077
5305
57205
38735
49683
7858
42111
27935
25964
163545
13904
5538
125640
739
10230
86157
101449
99277
95276
170454
4807
92345
67752
6510
2941
8696
9127
41351
123767
40859
122449
8162
6000
11191
7534
3901
19564
117952
9986
68448
43150
37561
130414
180235
37111
34394
3879
6211
17780
69731
92343
56779
123524
120929
60399
120033
33262
57465
7764
3472830
55270
23332
23533
7491
5397
98679
118869
90442
84745
88544
3257
13564
89910
4427502
2689
6839
8358
40769
40363
41358
87627
11070
5010
3159
49185
18813
41133
11816
44425
40968
37384
142500
48251
50061
3236
6834
120818
174651
96312
6929
386444
81306
8442
7718
191225
40802
87079
121113
41098
9366
18136
11926
4422
18561
6265
49205
5202
35595
40634
181412
32881
48892
142714
23876
14490
6230
4758
36018
97005
17023
123884
73769
80536
123500
108096
120313
93259
73271
123189
19940
140698
123443
28490
3055
149544
48745
40945
118964
146427
9021
257500
9620
56022
12288
9201
48720
49936
41199
84299
64602
141442
65407
41098
2496
11279
2100
63754
1256
1055
29234
86381
83781
69439
122904
108665
85735
42998
5408
89464
6239
2490
6779
8535
5431
15262
1807
2575
2576
117947
1485
1024
109511
34706
56611
238386
11779
154895
283303
10725
43666
80583
313861
87892
57380
87896
13517
89756
85649
104556
115502
10621
8962
7689
136288
46497
344
10835
67131
9069
13976
81447
84488
175504
83832
124645
54431
71127
9933
8616
1081
10662
1572
2787
12183
1693
1868
2137
15925
1264
20832
1091
135715
43906
12723
42909
66768
142770
2451
120795
39596
89009
45632
85927
47719
93941
70402
69129
76921
123847
144616
1303
2813
22585
9032
162096
6746
1638
8389
3270
2342
8230
8020
1020
36207
7216
43095
43609
40461
139795
118018
120062
167064
87795
34933
85682
33594
55778
123551
107251
87014
36175
8777
7469
10811
7666
7791
33480
908
74013
5014
55454
11460
7281
7796
12857
7896
5699
582485
161179
2383
3099
6455
9181
8773
45476
168999
98763
43246
34617
44785
48551
10291
88017
79623
68762
83092
63736
110574
74370
72646
84317
168584
63221
56948
8647
9189
8963
6701
160387
57773
91798
260380
367297
83777
263853
90429
89117
15261
86566
105713
97145
120338
86157
83375
262207
14372
3128
3609
1900
174257
11576
97170
3130
1924
1978
2022
2810
3304
6994
1190
9858
7756
11294
28647
4704
103110
147197
101502
87490
134766
83858
45765
193452
152998
8646
918071
12839
273527
4568
63550
86483
103853
74537
88010
86531
108343
86759
121246
104655
108347
121911
86046
92162
174703
259587
9805
10052
5268
2656
1850
182990
55545
2756
2486
3437
1027
2549
8519
9932
3256
9643
5886
10297
85207
86482
87957
123318
116159
83778
168513
87371
115558
83720
115966
85789
39437
26434
24054
3105
2543
1838
12802
84268
3322
2778
1013
2741
2477
9111
9177
16634
5977
12856
8258
15150
3332
155139
149032
13603
109362
75516
29148
48817
135215
98602
258660
83728
93371
74332
110931
241259
110300
197169
110502
85233
121726
121601
9668
61940
5251
10162
3799
6893
68877
2182
1333
8788
995
1721
9132
8663
7064
9139
14710
8730
10914
10891
174370
96092
60571
99800
84383
47230
137621
44136
138109
45009
104385
5185
135869
1425
77556
71394
57133
34680
104078
58038
22743
23891
16253
4638
8651
5050
1008
76116
10095
2209
2371
12048
6133
9679
2992
2786
2986
8163
11876
1413
10932
264859
3388
46664
146720
46277
49612
5393
14556
2801
2566
82301
4532
8413
227619
36676
38121
58507
82438
109577
13271
36077
22830
23213
23552
201736
325731
5473
1034
10738
4038
3964
7570
11078
12920
7574
10712
7887
308797
181779
102534
85682
11271
603
3324
61492
59788
71208
12455
6096
11298
3045
10485
2788
5035
182569
43475
70089
86043
118607
7465
134750
137469
45226
8365
9380
61720
38159
116907
44913
98398
65590
21324
38991
41681
4581
218353
208975
12506
8122
6732
2172
2867
9112
1215
19595
215885
2976
1110
1755
15520
11575
7917
45689
9343
14234
1345
104116
107971
35689
196988
106789
35669
105823
147694
22396
3939
7752
1053
10291
3276
2871
46810
2727
7752
35751
2689
3801
7538
4988
41084
9704
8417
3056
104167
45311
70828
695
4825
2684
19229
23545
17959
68308
12383
3421
7884
12072
9145
15806
11046
11816
4171
12673
15541
5407
14953
14707
4005
14838
13739
11165
10300
9782
572331
99999
98572
30782
197176
11910
180470
86056
70853
88533
106690
145293
60531
6898
6600
17775
11729
11734
18593
669
1210
2397
10784
17594
11946
15171
6565
6721
12452
13060
5014
14621
10654
9138
13214
14043
14436
12069
13552
10956
39388
55145
30457
154837
80254
78340
101885
56707
217942
35828
115126
96308
50310
9206
7483
2169
13797
2994
2903
141011
39469
153607
13014
1038
5735
8252
2887
11930
11210
7348
2325
14644
112931
4397
12612
18603
12115
7818
12626
9325
5156
14275
13444
15939
12253
11286
12964
15803
11360
8636
160714
121523
98363
90425
105510
35357
7588
300896
43471
1210
31261
11591
6158
6020
13482
12165
12166
15305
15751
8033
17613
10841
10970
22389
12177
9873
15087
14767
13557
13175
8798
165475
27519
89175
57302
34727
7253
51359
40011
35661
39385
33982
51505
111894
12093
2618
2533
9399
3214
4659
3688
2678
3074
3676
5704
4854
2790
2938
3050
2585
10788
13097
5097
17263
124659
7720
5242
5243
178708
2743
19190
4245
5481
3281
2566
12469
2947
2858
4613
10117
3134
6477
1994
3129
3421
4095
2749
3071
144583
3086
14772
3938740
8230
38027
2721
2608
3087
3854
6482
3387
3146
3165
2794
2588
8498
8614
38887
10926
3675
4227
5553
4565
3189
42465
53176
4770
49151
8636
8744
2926
3045
3902
4810
2887
2416
2744
3661
4322
3436
2712
9748
8735
3232
241218
71523
39652
51538
12521
44450
8315
44003
12107
16122
10923
2729
1123
2972
3692
3016
3234
2810
2731
2720
2335
24285
3862
7897
7371
5439
5195
5272
7687
7180
31266
47715
7571
6108
1049
2959
2842
1037
3441
4706
8105
2994
2845
4593
4166
3127
2919
2881
2663
1929
5235
6206
143747
28114
8430
6130
6496
237319
3302
9702
34922
7716
2959
4932
2342
3117
106389
4094
9829
9377
3603
4059
2927
2412
2736
1780
2603
8765
3043
19827
5848
3202
3083
2638
2047
2240
3843
7747
2827
141241
9825
174901
15831
21894
1751
5682
3532
2208
5841
58940
94770
51501
95270
80274
95716
98782
7954
1528
2360
2088
2616
2561
13584
2229
3154
87652
61851
69780
6572
101268
111564
93284
88949
14403
3192
2794
2803
1980
2297
1938
9852
2300
5607
100648
142496
57438
65459
9209
106412
98447
173510
9193
11487
2168
2011
3501
3018
3050
13637
1793
1618
129377
99264
119657
6335
82063
64877
76501
110256
1513
2843
2055
1322
2652
2823
1526
1735
2861
4658
5426
5525
8738
8885
4603
3279
5074
3494
5145
5017
2876
5788
4847
10127
2620
4632
10678
4812
5042
11288
2823
7546
2787
26123
15397
3324
8655
2607
3075
6617
14830
2790
4546
14928
2931
9160
207168
182438
185772
172223
176365
217462
200966
9880
5284
2912
1403
6003
7280
6197
6248
3742
10780
9181
2852
314534
12245
51663
179546
50044
59394
6557
10638
9145
34913
13089
11570
9186
2963
173500
9606
20292
15385
184163
4615
1538
8556
9377
19575
5462
4454
3011
259762
7418
5612
2765
7963
6625
11223
9430
170039
20064
53848
41076
41147
80477
61042
62635
43801
102318
112704
298713
60016
107135
51532
51788
61758
139921
76059
40279
41013
40569
41095
40318
76376
190461
42307
41043
74706
102791
38072
51153
159024
69062
144713
140354
41048
40302
41613
40514
40510
49082
174864
84452
296016
139961
30592
37346
77567
23768
46301
33448
102307
40490
40901
41156
145655
41130
145359
94579
82563
34165
54620
23660
75366
48104
285485
41034
40452
40889
41465
9275
2692
4311
1143
576
4256
6094
2834
3237
8986
13863
6971
5579
22802
22891
23827
4704
8325
2229
19199
9702
41050
4412
5652
4816
5120
41556
41466
41395
5415
8746
6332
4871
40774
40999
40492
5842
4243
4727
5645
4665
41615
4693
4233
4622
4759
4433
40877
40664
40940
2957
15361
400
11409
5385
5280
9724
37338
37509
9511
615
244717
15758
7035
7803
2903
2781
2019
2449
2601
1159
2744
2650
2718
2112
2754
19015
1487
3027
2829
2665
1346
6785
2109
2205
118021
1900
1295
1394
2656
2410
2477
4452
28184
25658
40069
42982
13200
3061
3977
6251
2648
1111563
14976
8281
145785
13088
2150
50302
73539
32379
176274
8501
3915
53325
50612
115507
14750
7812
12871
8601
114881
161181
115221
12396
11793
735742
46814
52009
117539
144654
13428
55708
25070
13439
4750
2967
2198
5772
4395
22728
14157
14621
10113
15826
198947
347979
232600
219058
1631
8253
7671
4108
364
1528
5861
244235
9088
5052
106133
6403
8234
41372
5236
4779
4994
66510
5666
10198
1340
2697
43713
389
1227
5006
225537
5691
25774
7435
3028
53384
5235
49294
1366
4662
211144
12323
4807
9839
4048
11672
144544
11445
11999
13593
10757
14204
14922
11383
13443
13316
11101
7478
6095
13298
146483
11380
13881
16423
40188
12460
11336
9782
18662
12243
13675
2825
19259
2882
11458
12776
48101
429
24696
6866
5929
26404
20546
13620
20286
6784
299866
20156
11110
17834
13618
6669
26156
17515
23822
6524
6532
12602
16173
10519
11334
9696
11815
144965
81422
173548
11349
3009
3227
6255
4889
4771
2155
4119
1645
1576
11376
13649
7594
5912
3480
1574
6650
3615
23561
3374
5623
4694
2272
6750
12499
9602
7531
7443
4561
90504
1576
11308
7821
143308
5052
8070
3803
109950
34178
82800
33467
115893
50624
200255
116902
54368
80560
33240
93006
48252
115922
92020
30810
22626
100158
109536
116182
65079
77748
175417
33975
56376
197336
78512
17515
84570
91734
32801
158355
43878
102339
116234
44979
115810
30185
57604
161842
13834
71409
37007
118379
48953
184760
40398
48176
58385
114707
86508
49611
88116
121208
48334
104529
124725
118482
104017
118216
86603
85398
36468
61353
35843
86857
125003
117421
127101
100038
54294
48906
37341
39911
13767
10065
98634
33819
48501
58965
82229
318867
85532
48537
49595
57127
26672
98588
88195
103217
85137
62216
96338
163668
39140
275872
34311
81751
85905
43493
37345
39490
54429
23515
36749
22267
6629
27797
6599
21057
19776
145471
101901
50501
65364
100968
35773
239821
64706
97297
42566
26254
44340
45126
95713
174010
137925
36839
83460
61133
43878
28752
106271
80489
101778
49210
76805
94505
356011
24962
9596
17180
6870
14121
31875
33749
16704
66171
4258
83974
37207
5018
101305
96391
83264
85899
94991
86333
87040
77227
92681
37996
37275
80349
84606
116627
39225
101210
34594
35590
4789
9507
5893
7795
7621
47648
36588
145021
82356
4311
97552
200637
5222
67752
35941
63989
314837
161983
35511
28816
9909
178713
58246
40918
100628
82621
86907
99171
257470
84568
92713
108105
62643
36774
50989
72098
56283
143203
79696
182934
37684
102551
115639
45417
48627
181676
87943
36566
33814
34758
44616
37651
65740
52320
68569
16737
70528
3122
39902
38784
32041
81709
110301
90572
97499
84820
97464
127749
142253
122935
45231
68494
88287
33381
74962
76130
120020
94314
122835
44748
35352
179948
105242
34036
26477
67354
98277
36176
63275
27972
99522
34444
26833
25240
6617
35248
41128
100994
67985
82804
94335
102138
86221
124707
76566
108455
35779
39681
97688
132405
100482
142804
42850
102829
25540
115395
34909
62262
160931
93451
28406
26768
40462
29459
1468
117343
41293
16685
102882
33692
84753
90320
144413
77960
48734
41418
73910
35313
36922
48303
85474
87212
85335
120211
65458
116304
256436
49714
179121
175956
75682
38779
42852
30667
34130
179140
258731
88358
86731
43602
80973
9440
7338
18847
5184
12494
52286
27683
40865
9694
12600
9944
1263
1928
122424
96146
109454
160389
119147
20681
8299
62877
2927
21366
74189
8923
26820
11848
1478
2025
70996
122827
96121
81161
83462
99308
2241
11676
59866
29143
50467
9824
72694
98986
10686
1144
90948
44139
100920
128200
31559
49749
119630
2589
113879
4871
23000
106484
10155
8764
77069
156030
52276
39286
84176
138336
110223
5862
10411
185928
6100
120904
112464
7582
6524
8340
9679
216221
1163
7410
7622
60306
8574
8252
5871
25870
12390
11291
10217
3678
3493
5363
1322
1202
1023
4940
1984
2095
2659
2500
1581
2642
1758
3537
3926
1819
1886
3141
1294
1291
1607
7235
2021
2266
1758
1663
2137
2392
3265
2304
3009
3049
4325
7952
976
1138
1747
3047
1825
2815
2284
2031
4228
1303
2788
3379
3428
3757
2206
908
979
4644
2349
2227
2624
1881
2504
1731
3478
2392
4464
4031
1548
2207
2846
10903
9470
9625
7545
536345
17292
3440
14535
4731
14146
4741
9227
10088
5302
6957
52869
12998
7633
21198
4078
12381
1426
52857
7310
17851
52414
10274
22712
6901
7335
2976
7467
2642
19040
136057
2542
3213
2988
2794
3807
2875
3060
16694
1379
2981
10068
2640
2851
3503
2909
3091
96876
3421
1268
2854
29718
3183
3546
3049
2916
2828
10256
21757
1270
3249
1416
3967
3125
3136
3055
3087
9527
2231
2853
9380
5688
2103
6804
12648
115397
10191
7414
9510
7389
3323
8934
147109
1219
6047
7502
10158
572854
21967
9265
2858
10059
15809
18084
6057
12123
12318
25842
6435
2713
13744
13441
10008
1591
6067
4050
14982
12642
5798
9924
175372
1966
5884
2315
3073
1856
12332
2226
6216
1964
29494
4078
4469
3078
2764
3387
2575
6983
3227
3536
1979
3499
12235
8141
1898
2497
3351
2493
4163
1947
1304
2594
2609
2854
4849
1654
2145
2764
2931
1121
5460
6039
3490
5653
31185
892
35780
11625
2502
948
6669
11264
16110
104577
11621
11860
11201
87999
8479
153514
12740
87460
2881
87935
7303
3131
13303
13926
2964
4822
1534
10963
8236
12840
10938
7296
9051
7034
7927
48928
7543
10686
8047
7640
9270
5832
4291
13139
10778
10273
10003
55386
8892
4725
161365
4122
1766
23253
6864
7506
2682
1898
3582
9518
4868
2018
5712
4775
7464
3023
25475
1705
6339
11291
5991
31162
3063
3939
22054
6307
48481
8560
149443
116482
81622
96304
61833
31786
80010
42080
78896
9888
54694
93011
118623
96220
110176
61199
40702
29969
69938
105208
7668
192193
78896
29584
152740
154787
69957
141854
29684
131568
114289
67861
109273
142018
118033
71064
98317
81149
75253
101385
71673
91796
88724
44586
148353
87946
79500
95562
265139
297004
20387
110086
29470
137914
138100
43249
160294
41096
178532
68863
30431
36661
139189
148592
107889
54139
85837
18869
19215
42169
10935
12703
167577
104201
11421
31528
52481
123888
145086
74766
79385
86128
318937
315654
137974
102122
30067
141719
136913
43882
63947
41458
76160
31601
203395
147167
63306
136136
34634
59769
94936
18086
88167
51780
9523
19776
104927
108481
8561
179384
56763
42990
87519
154586
317049
274295
19985
77366
12960
139557
138599
42222
32744
40795
96815
100337
28489
158778
64580
93458
48039
85829
144532
19293
101935
17114
4867
92017
11426
60243
68852
138760
39088
114130
79603
158166
309522
19699
138071
171973
29805
138797
43620
39767
148679
40495
86108
28375
53891
37750
67124
105086
143091
87457
146360
18964
35445
13548
14122
15048
267045
48034
60265
38235
155827
12508
13063
95027
199139
9806
20990
14929
183578
64971
87097
154269
85031
88642
91818
88401
136635
79006
8875
9545
11402
13116
8014
12343
12332
64895
15194
5848
10752
11830
165824
34021
45511
92137
82476
119685
78102
90321
54732
86609
10614
11507
9176
10362
13642
16119
11415
44246
10935
10595
14231
21543
85882
58536
88599
89157
74650
69687
75318
87477
98654
35235
12939
15261
2432
8886
8035
11782
11751
12064
8622
9954
9714
53383
93520
85032
104833
87915
89234
73683
89789
98257
7320
12701
11636
10639
9872
14458
7845
9082
2941
10587
3029
5124
5676
2773
5583
23443
5568
5373
19720
17748
20569
533893
2696
50142
11302
7330
10715
9774
11297
9905
8850
8302
9999
2393
6945
10584
3006
9849
11269
2593
8861
11128
10462
151654
2997
14917
5303
6876
41662
39221
41228
41321
42281
46113
42022
39189
42024
50992
63264
177963
85758
178091
50481
77574
12292
198155
38947
104799
96801
191348
36478
212912
38349
32925
64678
42022
162829
63994
44232
55426
40390
84400
32838
114074
63909
96005
42026
32032
33965
161783
211723
42030
41851
34821
37130
19528
13670
11453
178106
47851
381248
12497
3573
2635
5564
47092
4446
28312
4346
10477
9281
3023
9551
8218
9754
117992
1250
6905
9638
7088
5665
2083
5537
5958
2890
11369
25552
3779
9326
10282
8635
7248
13955
3174
9385
8514
2756
10075
8462
3188
3212
10248
4674
3147
11199
3443
14711
6245
12087
4523
14952
3539
3330
2889
3071
4144
3545
3554
3428
5611
9055
4303
11075
5309
11126
4556
2890
5649
6276
15553
7812
10021
8025
14626
3236
3355
3082
3046
2582
4030
4051
4339
3404
3805
3360
10774
10720
3106
5747
7591
11104
11293
10014
10841
135230
2990
3746
3129
3131
2744
3353
7309
3757
3890
3413
4145
6563
11303
8981
4329
2844
3008
10274
2923
10704
23217
9378
10974
5177
3548
3063
3345
2875
2840
3574
3664
3157
3338
5233
4412
11339
6917
5519
11041
12621
8660
8326
3175
4805
9876
12024
3203
30293
8500
2227
3313
10670
11238
2880
9817
10108
5909
10939
6090
15408
9049
2727
10999
5833
4070
4613
5385
2556
11889
10180
13210
9656
9027
7772
4501
6535
11219
29049
8394
6995
15946
2858
3313
9301
5916
4138
4128
4387
4166
15118
8082
8437
3766
6508
11097
8696
5271
11461
2520
8545
8814
3912
4646
2197
2456
5469
9869
11113
9079
12449
3586
15302
5872
23746
9260
5321
5196
9335
12784
13929
12603
6183
17221
5641
10727
10335
5609
2024
5768
4717
3877
19196
5806
6164
6094
8639
9263
8875
12713
12272
9766
11565
10856
11191
7483
8311
11253
9656
7609
9862
6249
11157
10253
9395
10704
8556
12235
11370
11190
10419
8797
9037
11193
11358
11727
21986
5724
8815
12996
12095
8909
8194
10091
9707
8109
12043
11135
5943
10373
10192
8766
10059
11807
8724
9297
8100
8247
7035
8819
8559
10492
11661
11357
5437
8559
13020
10829
9461
8164
8389
9535
7839
10421
15245
10542
12775
9826
9900
11490
10985
9319
14051
11046
8416
7228
10999
10082
9129
8984
6764
9549
5658
13550
10419
7264
9160
9323
7116
8910
11211
9322
10325
10285
5221
7129
6933
6555
8888
6081
10087
6140
8848
5557
9903
10018
8767
6735
8189
10027
11615
9848
8397
14604
10723
11040
1698
15470
3482
5599
9503
10898
3259
7766
8389
8841
11500
13111
10054
10864
8682
11577
3916
3760
8256
22115
11309
11007
7422
2842
4504
3225
14005
13082
8898
10291
11267
9952
6053
9053
9481
11217
8681
8178
8440
9937
9839
10239
10874
7193
8053
8658
9644
2018
9863
11381
8331
3682
4800
3207
8848
12863
4418
3845
12884
6529
12311
11250
3711
7583
13792
4627
9497
9341
7535
1497
8430
11247
9384
4482
5311
3409
2960
6936
9520
12030
9328
11114
9313
6673
3116
3364
9505
10976
12363
6849
14819
12413
8724
1965
4106
12118
11314
15880
13954
2923
10810
7520
4109
9091
9249
5783
1997
3727
6903
7267
7229
2292
4032
3396
3258
7096
9492
11352
8600
9527
13837
6446
6299
10739
10706
8327
6818
7312
11401
8750
3868
7313
6602
5944
10184
4007
3985
10863
9782
1781
4182
10675
10479
10216
12292
4428
3588
5626
8401
9575
11547
9826
2177
14475
16512
9001
8222
6503
9626
4345
3646
7528
7006
8517
6798
3984
11915
8571
28002
1446
9807
10696
6881
6676
7117
3489
2969
4278
10486
12965
10511
8678
3534
11007
8355
8695
5126
2841
3193
3892
7798
8225
11383
9452
9519
4562
3524
8313
11537
4840
12930
11061
11959
15128
5704
5047
8194
9654
7326
1417
4848
9418
7346
3989
4890
4954
4131
7657
8129
8229
7825
4280
5467
4937
9661
7939
8599
7447
8889
9110
4927
7224
5625
5306
3310
3420
9421
9951
8604
12589
11229
6219
10795
4736
7414
1223
4927
4556
7353
5858
4215
4534
4373
29519
6590
6211
7069
5482
4451
7002
3881
14379
9263
4407
5699
9116
7792
6598
8140
4937
4934
3509
4230
3312
10329
3577
7085
4990
3606
3174
6112
8599
4849
12246
6446
6705
8820
4996
5194
7020
10341
2852
9896
10545
6785
6210
4781
3848
4446
284818
6894
4651
6983
4782
4818
3434
3705
7310
11018
10493
3947
7337
6711
6332
5907
14793
13669
11402
3012
9586
7103
1446
5084
6315
6761
5944
3837
3323
4113
20802
7078
6883
6642
8634
5172
5898
5796
6081
8525
4087
13558
9633
4264
4787
6709
5653
5587
3213
4275
5091
7565
9536
6813
11916
1921
5391
6255
9660
8729
8866
3373
5991
7383
10277
7645
9483
9446
4793
2713
4393
4156
3166
6790
9549
8291
10014
5985
4380
11155
11076
9010
11687
10717
11407
9574
7094
7744
8283
4640
4151
4778
3597
2309
10204
4894
9751
4078
11612
10327
11426
11036
5787
4850
2578
2226
3375
5957
7049
8883
8129
7241
7042
5041
5006
7981
8273
10922
9805
7963
9204
8101
8691
10274
8788
3836
4562
4929
2358
6178
4974
5189
4124
3960
5407
9164
7297
11392
2995
5242
12095
10326
9996
12897
3766
4215
2912
3231
5159
13103
6527
10857
7309
5116
4591
5157
11162
9230
10043
7820
7599
7587
5615
7140
7682
4769
5788
7270
8952
8545
8399
10788
11167
7310
5207
2339
3052
4225
9901
7981
8519
12413
5869
6680
5570
10686
8654
8652
11100
7894
8302
9787
9421
9229
6482
7044
4373
4208
4337
3179
5141
1310
9318
2284
6349
4575
9186
9977
11419
11694
9246
9617
8355
6678
5880
4544
7816
10616
14455
11742
9829
9474
2968
5545
8913
11126
10706
13588
1925
3679
5772
8584
11018
10421
10276
9774
8335
8411
10858
5540
2665
10819
8752
8101
11157
9798
10826
5666
2312
11616
3738
9095
9442
8686
12840
6958
1876
4515
5507
10605
8004
11838
9580
12275
9486
8534
9739
11047
8454
7439
5881
11062
7663
12388
5399
14813
5299
4715
11680
5196
6247
15947
5856
5491
4903
6366
7091
8911
9063
7018
6359
4076
4564
4128
10231
4215
8396
6154
7788
2392
4915
4708
8193
5367
7910
2999
3871
10871
7967
11992
4710
4575
9372
5134
10379
2694
12819
4495
12750
12877
4676
10455
11293
7431
7396
8368
8372
3591
10608
5669
4519
9320
185109
8155
5396
9786
4031
10603
5301
142776
3014
1249
20211
565236
1524
154558
13279
10263
8880
9083
11010
3032
13950
14186
14300
13095
5129
3008
4754
8244
11329
9445
4685
4262
10265
4003
8210
9621
22155
10067
11807
14558
5395
3020
4397
28655
7238
10764
12097
2889
9402
15978
4803
6249
3709
12635
12256
5903
2855
8139
11718
8698
10179
9458
8969
10175
8774
10557
12000
10232
10477
12378
13473
12268
14019
2767
7461
9175
4639
9877
5437
9115
2923
196881
562843
5041
80465
19088
6697
11958
10999
10686
12483
7520
11604
7662
7768
12400
7383
12204
10066
146911
8799
9923
9124
9180
11729
10819
11260
885
3509
11285
13832
9969
13736
12041
14901
2718
11836
6665
11025
13184
6696
9009
8620
7886
10265
4705
8773
14902
15274
10908
5285
4686
14527
5126
8708
4933
118192
10174
1422
5162
5400
12005
7782
7526
7975
9476
180281
14104
7182
9090
9144
7846
10265
5696
340280
55522
14397
13118
326076
15754
5711
392805
12753
7892
12170
12880
12042
6842
16702
9583
6723
10096
10669
19815
10023
13618
10043
9882
18418
10765
10162
8020
4964
16667
10260
12679
1911
10926
10134
14228
4723
10056
11962
13501
3863
10745
9797
11402
9976
9599
277934
9571
28894
10348
9103
10137
9811
12715
8021
10107
11375
6774
18486
10892
13936
17334
10030
14353
5761
10548
10632
10795
15770
12108
10809
10324
10487
10921
11506
11426
7158
4102
9981
11431
12465
2243
14043
10331
9818
11577
8030
2926
10397
12444
12815
10102
14315
10355
11338
10395
918
186286
61220
37342
144257
1076
160047
204871
138710
64244
63816
69709
112674
37326
145390
1314
64792
35810
29450
35960
81060
78545
137228
146976
41200
45959
30215
35812
64248
32115
33345
10385
841
30203
11422
2783
26387
3974
7965
100078
9231
25964
23469
22466
3215
10085
23903
3246
25278
24521
22843
212218
25324
23368
4708
10784
39869
3660
9601
7619
7936
12757
2242
27780
8094
8832
25404
3038
4450
6852
13378
24329
4429
1299
6882
18305
2731
8724
9002
8936
234629
1119
4036
2259
7539
12832
1873
4085
10847
6976
2860
2658
7616
2374
3801
12597
16587
10592
11426
7013
3236
108258
84024
3233
11584
2528
3028
9598
9027
1820
177314
7166
9122
1477
5177
3226
8084
7890
8322
36903
13872
14294
2775
12441
2397
8638
7962
6746
13234
3437
22109
3132
2875
2198
7373
1408
14729
7933
77506
81450
13993
7488
5749
8517
3323
149486
10354
7840
7501
11754
38913
9426
3749
7406
3410
10492
2970
13972
7440
154089
17656
2937
2795
10009
10840
11634
7835
9414
8956
12438
5870
6504
9838
2729
2911
94836
8272
9122
2874
7114
28549
18523
14121
9034
7702
11018
4489
5860
7441
357
132821
119684
8324
10133
10558
25662
2932
13815
8591
7802
182006
8300
8282
4691
8524
13231
25775
5188
5590
4145
14461
9933
8054
8775
9174
8919
5401
4394
3919
8482
11808
9039
8614
3520
2433
12067
23180
14283
5394
5703
251223
5826
57761
35147
34511
29187
42706
32747
61324
60679
53186
47242
49689
29734
24408
21366
24390
24815
25369
24960
25013
22766
23184
22068
23418
24077
24953
24684
25113
25582
24666
24847
24908
25904
25865
26649
22999
23988
206513
212560
187792
74859
71392
74000
175135
175044
175123
155991
173473
96864
96196
101624
98615
103168
103377
103347
102874
101636
97900
98806
97556
98492
181765
195882
80466
17798
85587
84377
172546
33741
177134
121641
96614
83013
90615
84992
83531
81717
174343
92385
83906
106238
83154
93930
82876
80450
103655
38809
179238
81167
89053
123050
17233
78310
87094
62325
90334
79976
137295
139392
48534
38917
25832
25263
25101
25580
87525
107065
87086
86144
80702
49044
64016
67088
96475
86901
83207
72356
75634
74154
71094
84992
37062
42749
106677
49998
8894
50499
49407
36348
87805
36128
120299
62370
95757
93860
69101
138360
46707
105569
105817
41814
90670
57192
155799
148126
85862
55537
95158
36197
63153
100407
95170
70479
72798
43304
61918
39212
62655
44147
91304
144556
44021
85428
100732
135496
132089
145243
52261
54159
99099
33687
33669
63265
13882
67200
47387
53384
52367
55802
66454
128301
67193
113977
335221
77398
80792
61777
29951
119138
204877
75409
85033
157310
35273
63938
59365
11686
12693
105339
43795
39164
39086
37704
46663
99580
28085
27797
58029
28274
44212
87440
208686
171112
144919
84389
48743
204310
87944
69929
69952
47664
49129
44927
40708
121290
144200
84958
102494
98412
89150
59180
64374
60940
64583
65058
66424
85359
73564
41932
49218
96294
95334
54837
48353
49913
49348
167796
20302
6225
50980
51196
123295
56024
63484
57725
103778
97488
97040
263033
61409
54024
70423
52497
53951
93659
99935
50002
105784
13447
142356
85152
107526
44178
32272
51032
32810
66456
68820
70654
72999
75204
69290
100748
79189
43312
82536
383930
128790
62450
41209
80784
83274
132401
95944
145551
49673
47151
71682
41249
41527
32988
33535
39367
69621
45364
93537
145715
43583
44257
41942
38224
46650
55934
43671
34756
228386
6874
7003
6960
6894
6954
6919
6708
14529
90320
13836
293707
71127
46315
41660
40471
309575
53466
97483
63746
146136
156153
129704
38392
74577
77147
40469
93840
102239
109846
49637
48931
105921
21820
34326
7718
28692
41505
51302
97462
64866
55088
64752
168231
201235
97325
250973
80444
79273
79203
79038
102512
78175
160995
139658
19025
56691
56946
70271
68344
71551
70456
70104
70227
69221
70006
72223
94975
64191
75539
118098
73796
74629
87165
41080
40932
41358
40583
41086
41102
40860
40860
41093
41095
41048
96901
49638
50131
111374
116600
69949
102786
15104
122999
40660
20871
104714
18546
32849
123541
52284
92741
80211
128788
132611
42545
316306
313393
312953
314675
49550
80280
85157
77766
188342
186780
68796
69704
86248
89056
80152
120639
84929
100365
123469
97720
96782
158380
60446
33180
47951
48897
260852
367251
52775
30899
157450
242849
12575
105239
39952
39261
50659
105967
79845
106472
102053
102376
105943
103766
72658
85482
111005
76653
62267
68799
69661
107806
81499
108049
101271
99597
104542
41321
33005
32975
33622
33620
33526
97689
17440
39078
8199
19315
19880
90356
161949
161470
165100
162561
163640
215503
102257
104797
236046
73452
84934
62713
84928
47319
44109
43731
294597
62818
61997
486584
79670
79595
88825
83965
82233
48815
47149
78056
266848
178070
84630
53163
63875
53797
81303
102995
91405
94380
89219
89070
33623
34314
35220
67873
22150
63743
103420
42264
107844
68463
120232
22837
22621
35181
39887
57346
39181
103119
86496
82446
83592
102176
82746
91113
96472
104259
73061
109193
99543
123391
123776
81156
13236
85479
39873
144150
55848
54421
37791
101885
47422
13825
102180
144793
56114
142972
160718
104022
63465
56894
115571
136285
68943
55834
142344
46830
106670
82131
91487
94107
83411
52710
47325
90794
41171
61193
61945
187503
117751
17528
17629
41172
54601
52014
54028
107971
106586
106621
60832
120459
85708
88035
110773
98568
75826
54857
310442
116747
28163
55377
81493
5459
10761
11102
706
11200
10001
91094
8526
62341
5610
895
9064
14534
10408
3577
2012
260505
5412
5627
1123
9983
3810
9815
29938
4808
176
69085
56302
5429
1964
1342
999
633
5505
8392
8857
12469
12779
17137
14887
11360
13451
13393
15178
15273
11909
11236
11708
8321
14401
4456
1502
12716
12919
10683
7293
13329
10606
11899
13720
4815
2557
10796
15501
11487
12023
11158
5690
11963
11292
11746
12470
11785
13756
20465
18866
19730
25330
28830
24759
25759
26522
17115
15788
10163
11145
10603
9439
9529
11064
7679
10276
8050
7741
6163
7898
8858
6594
6615
7219
7612
7382
6574
6735
2503
9423
9299
9326
8038
8370
6705
11518
4937
3162
240
11462
766
7860
4632
1138
1154
4603
1586
3459
8485
1424
206
636
2510
8498
8834
881
4076
1583
9941
858
986
1597
1276
2053
7805
1262
64876
40685
487
27444
3363
3326
40477
3101
4318
4067
3380
4021
4226
3832
3554
4431
4402
4825
3011
2420
2626
2543
2202
2111
2520
3283
3429
3283
3326
3529
3306
3425
3288
3353
3306
3723
3526
9798
10504
230622
231268
4608
3564
4720
3807
4339
3524
2735
5997
4737
172850
1597
124759
115529
1032
4825
180484
8757
7750
12863
8387
7976
2260
7579
5027
2108
2107
2920
2644
2562
2929
2227
1917
2044
1890
2275
2070
2639
1914
2103
2389
2315
2456
2419
2126
2060
2333
1869
2092
1864
2080
2165
1765
2094
2097
2022
2120
2358
2225
2351
2299
1892
14268
10682
11029
13756
14330
13834
12509
12257
16284
11315
16518
13018
1122
1140
1075
924
1137
1271
14828
5303
14397
831
1225
11607
11079
13897
11476
11367
13346
13224
11856
11088
14769
15886
14354
13217
13856
2667
2924
2829
2783
2856
3038
3174
2861
5037
3096
2740
3003
3389
2957
2918
3279
2803
2813
3059
2931
5728
2831
2916
2291
2831
2984
3060
2544
3083
2963
3342
2905
3243
3183
2696
3154
2911
2909
2885
2830
2580
3345
3199
2695
3178
3375
2753
3310
2968
2690
3026
3041
3141
3124
3332
2768
3185
3221
2846
3062
3280
3129
2924
2964
3049
2719
2892
3036
4298
9968
4997
11093
145678
1858
5561
1295
771
818
562450
6606
10156
4307
9710
8429
9120
8675
8640
11124
8511
6849
6588
6837
7269
8535
9247
10183
7756
5524
4503
5002
7070
6931
5386
6094
6025
4961
5172
4572
6505
4815
5359
6253
7216
6136
409343
793
181436
754
235561
272
4992
5222
5883
213808
5085
4954
4499
1671
8958
2712
2090
8765
2265
1650
1448
1654
1641
1399
2296
1656
1686
1862
1700
1734
1683
9705
1689
8581
1037
2125
1779
1439
2004
1331
1351
1690
1718
1503
1652
1485
1439
1332
1455
2842
1272
1968
2277
3370
1777
1603
2776
10822
1537
8723
1800
363
278
178737
22298
19393
20106
20342
21093
20108
19244
1459
22940
30156
16700
5260
3692
23973
25971
356
3945
3785
1527
1286
7813
880
27083
13237
13919
13531
14962
14216
13616
1249
438
1287
1439
1276
1338
921
1276
1481
1401
1032
1291
1098
1201
1495
1387
1076
1236
586
650
585
699
712
565
2189
1257
1230
1257
2639
9497
3957
3558
4830
5620
1452
3949
1320
55578
4516
54909
13361
19793
48958
53258
16994
7837
11752
10293
987
872
11236
11314
11376
10108
11246
9266
9753
14283
8645
1643
2709
17068
3651
1898
5115
4786
1279
344804
7635
3083
409173
5131
264549
106860
6229
7296
2989
689
580145
398392
6528
15414
6908
16302
4598
6261
85442
6984
6250
8395
13552
3697
3850
10616
14200
14659
14283
13409
4586
9779
14511
12696
6279
12414
14616
13951
15158
4954
4777
4905
5206
5534
5469
5218
5637
4705
10046
3475
1486
14829
14573
4506
4343
2344
5020
4562
4275
4261
4168
4738
5639
5688
2897
2730
4796
1491
2460
5548
13166
11242
7157
5030
10397
13753
11322
13428
15228
2375
5459
3989
210580
8198
9197
7930
10342
5994
2817
2774
697
21611
16603
13824
4060
12227
15758
15413
6689
7585
973455
42578
160510
55708
7833
10257
199421
11546
11185
5545
17847
20226
10362
7098
269651
2049
2500
2497
6199
7092
3099
2067
8166
8325
10106
9781
9875
3318
3040
2656
3540
26412
23029
24805
23366
45491
97477
101326
98738
98213
91057
299976
99197
94337
94312
33537
78537
79957
144385
146474
108802
106887
23274
23001
23470
24473
23302
23155
23857
24695
24293
101189
101223
100651
221151
36288
84735
61397
152604
69757
44981
53297
21833
52919
92610
119972
76218
76256
71125
84611
84691
82578
77078
72834
62407
80550
45076
163832
93882
66549
58183
43003
111108
33518
179209
68556
52680
44517
163480
68550
69043
68349
192999
188332
183804
15173
63781
134560
38727
71542
74623
58680
105552
109941
74680
76248
313871
64239
32086
73008
47012
161684
212370
90936
76959
73977
55429
57310
81571
82448
80549
42219
44245
42316
42751
41937
39822
34509
49815
71851
40192
13412
44493
119700
117651
71337
93645
90444
58480
58265
88701
61934
42600
85017
117530
89370
162823
89409
105321
67806
104658
41918
58828
83807
103908
94198
84849
63331
68191
67520
8447
4197
4197
27849
94173
2068
6900
4211
833
1489
2963
858
827
4132
4429
5169
3361
2251
9141
14209
4126
2791
2986
3075
3117
2995
2886
3210
5215
2744
3145
2979
3167
2938
3304
3032
3008
2873
767
6152
8661
7017
4398
110802
4594
2479
9596
1872
1798
1812
1795
4901
1395
1340
3055
2914
1423
26489
1147
1048
1148
1268
1323
927
1354
6654
6656
7267
12328
994
4209
17508
96669
971
15787
5565
13796
842
17181
89120
88994
84709
49987
178522
74663
63493
66857
68491
187711
61632
82393
286544
39074
38720
40380
39654
57566
39982
40467
83889
83480
10984
5135
4456
12237
33988
100991
73568
85331
86759
92954
65004
86834
64535
77038
83720
61084
84181
84989
71764
9599
49415
46869
94529
51645
50202
81061
21485
58827
91398
103859
88258
40190
193059
90701
92583
103658
104745
40815
57584
102390
32036
95325
84367
95024
85183
6650
1119
1362
1127
965
2923
10627
1264
1109
983
1314
5632
10911
7513
3079
2990
12561
4659
9563
3157
2911
2860
2802
3151
3099
1353
1334
1499
2562
10266
5146
10533
2817
5169
5116
3169
4555
11465
2964
7797
7980
4758
9036
2972
5577
3142
1297
2634
7821
988
1056
1142
937
781
1384
5789
9415
1205
3024
12052
9919
13237
63103
54600
18496
18145
18219
10570
10098
8095
9961
9505
9062
9123
15037
15141
15630
16655
17903
9953
11090
11134
12760
11466
10192
11357
11110
11233
9863
10684
10712
10817
10622
53973
173613
171721
165216
182598
179401
174364
173985
178203
176988
179477
175146
178697
180775
174432
174493
2545
152538
764
9910
8009
7345
9897
8321
8754
7448
4789
4394
6248
5613
6120
5228
6855
6805
4785
4734
4661
5866
4792
5108
5909
3171
3035
3705
3020
3645
2291
2542
2694
2904
2551
3000
2756
2993
3127
3590
3051
2871
3060
11176
8501
12679
12052
1353
1365
1298
1500
1160
2590
1309
1215
1481
1400
1315
1599
13636
105875
29699
29017
208757
102094
106147
383
10911
173655
164916
172876
179091
37978
48964
11049
79496
105209
91018
6675
3086
69060
70903
78099
12529
64321
67895
66244
66214
71395
53545
61261
34174
40523
83582
40292
87423
45154
98972
95604
89068
95395
54017
34570
33016
59140
140302
25822
67929
145004
145438
12240
2752
8803
49281
48851
48278
48124
48266
18071
3128
86785
84465
86099
67915
107278
95198
106006
67803
107413
98058
89294
70458
94408
93493
165837
60768
88280
8943
46643
95730
54043
3648400
3546162
3163608
7746
8748
103932
9436
10974
9039
3698
3404
3881
1271
178324
61041
39675
24820
23404
179455
44747
51404
95315
98449
94408
94399
107689
71805
76647
86190
94694
88675
145705
324819
52316
101809
93779
100978
101748
100245
104511
53541
52590
236405
130603
100952
100747
94863
101400
97836
74692
83264
58884
80917
38030
34368
62836
64593
83561
83075
43576
96749
94371
91189
29580
83791
100304
42322
86273
83620
29394
101826
99285
99916
101285
96742
105139
99285
101127
101283
105075
177841
46862
67911
159529
317971
145235
14303
103551
87010
71470
104699
68569
87994
152654
90601
82646
29240
156285
108312
151710
86422
92965
81750
82413
93306
155143
86762
154748
93608
94364
154557
141847
40008
74882
35000
42158
34547
62480
43164
42645
39028
39938
40156
147883
44155
57010
26172
24534
26624
23265
23828
24748
22095
26103
24717
25773
24675
24353
24815
24953
22835
24497
25359
23484
21124
53049
52362
95728
119345
85088
86828
58184
52588
41252
8820
23697
13227
14045
31057
48194
48086
31922
145032
84049
77115
77772
82844
66628
101200
76652
103556
98001
93801
96691
91121
94701
94304
83581
103234
94799
106318
147303
94411
96278
86265
94912
89558
94696
76885
98105
64058
64047
63603
366427
481970
520602
515937
181686
76225
26216
19544
19642
100823
46597
299806
319053
48641
49316
40335
47606
41190
40774
47713
96746
83654
103715
44050
44414
52166
34719
14128
179055
175852
34365
58920
94106
106495
79335
153846
73873
121181
45359
148552
75567
138488
79930
89727
90129
33189
90500
28948
41088
306223
41780
42744
114608
123355
88004
33689
42170
94556
75063
74928
95697
21026
95846
8858
9512
9643
102052
103492
84290
81583
126959
60163
11420
10205
35217
11338
10104
8190
9855
10536
11611
11657
100275
103662
68140
72810
74203
68783
69369
89654
73760
95081
73672
74689
64442
66033
66236
204048
63348
63765
88218
31018
73058
30707
104807
95559
103480
103307
104641
43284
97749
163016
9478
3117
10352
3176
2761
2318
2342
2188
4048
2461
1863
3564
13189
4583
5234
3977
4021
52093
8994
42228
42709
64615
2671
3068
2881
3246
2504
1972
2583
1735
2418
2432
2111
1887
2653
3032
2432
2641
2679
3050
2234
2140
2018
1944
1897
2295
2069
3085
2700
3062
3123
2924
2938
2859
3173
2850
3060
3468
6512
5879
4662
4924
5225
3874
5797
6600
6319
3004
2759
3006
3227
2292
2946
86077
74553
44621
181729
26135
26284
13075
44084
165324
59371
100826
48593
57212
62331
47800
75920
85754
47904
48220
47914
48283
47640
93971
86205
80013
68099
66858
67066
40288
66669
67277
209767
63019
28174
37281
9248
5600
6936
6852
3385
43677
42314
47780
48811
49919
51230
3245
49027
20523
31006
19232
17900
15865
31583
26623
10113
33181
945
839
498
840
884
880
880
28535
16957
11494
29853
3507
2570
56340
45639
105776
44649
44728
57395
48515
145044
69868
70626
69810
62157
110680
89747
148392
33705
62461
149685
98386
60241
84883
2858
1542
2219
2817
1861
10737
13641
9355
12189
16924
3217
15487
6000
14165
6094
8354
4562
18389
3045
3849
8724
13270
21989
12180
10308
16348
7717
6712
21889
3935
14594
4646
15469
13093
7938
12369
15700
3763
12938
14503
9313
11694
18989
16368
4502
24217
11826
15192
15520
4688
17748
12285
10706
17032
3010
6136
6323
6331
6448
6058
6706
5849
6062
6117
6022
6674
5767
14011
13885
3820
14759
4652
4095
3741
3366
4626
3730
4020
4240
4732
4329
1981
12133
11046
2853
2430
1736
2063
1342
2124
1619
2260
1653
1848
2094
2049
2155
2379
2430
1706
2257
2563
5179
2732
12606
7723
7465
14437
11535
8715
5990
8766
12419
9226
6933
3535
8924
7608
14068
7758
7383
7095
13575
19984
20038
8066
7300
126708
11607
164530
9024
8970
7200
3574
3399
133007
10274
7017
4931
5265
4908
4964
6810
155177
8021
7627
2361
13876
7012
20359
7486
14013
170681
14336
6877
3582
10198
177316
1449
8941
10024
6772
10527
9630
15935
2299
248325
7671
6907
8018
1036
8035
4561
3339
3298
3255
3237
3230
2915
10978
9861
7171
6556
6565
6806
6814
6587
6756
6648
6504
6977
4674
117115
7262
6457
7038
6872
7543
7210
6710
1673
3422
7356
5967
6366
31673
7272
1192
510
1286
1210
11916
21186
20667
137320
7585
7985
3992
7823
8096
5686
8672
9063
7883
8736
10508
14776
8445
11742
4214
3444
3378
3345
3951
9876
3665
8669
6379
8190
6800
9685
2144
8207
5906
4808
1559
10718
8671
8708
4203
5851
4833
5201
12264
2637
1963
2372
2998
3014
3162
13883
2189
7175
5871
10448
11358
8658
1988
11113
39651
10016
16507
6946
7366
1511
4003
3979
3612
7130
6151
12804
15109
8368
8274
6476
1255
6191
13846
9992
8646
9634
8394
2925
8046
2334
2729
2149
35403
463
303
18920
9492
10042
9325
4406
8370
9271
9100
9994
3392
6157
3070
2129
2112
2717
2859
18016
16808
5956
18733
6411
7351
7286
8215
8811
10387
5588
11043
7905
5330
4952
3589
3309
7604
10673
7430
2670
13292
8984
4514
2727
3811
8571
21465
20537
21166
46332
99672
103213
100393
77235
111542
80171
93384
83994
33385
101757
86416
86824
176627
54446
100404
12995
105115
96091
81572
83815
108501
86292
95004
66130
63375
63367
119257
98437
96640
9589
70217
70581
13345
12706
13066
13241
25729
44875
61959
42632
126031
34325
95271
76247
72646
97576
95204
84664
99839
135698
46107
47714
68896
40598
50618
128158
81023
95867
87868
90999
107229
95344
85166
146432
269010
45765
218991
51047
273949
46737
50547
54458
97046
405017
8210
3013
3064
11325
9410
4767
11116
13337
112522
3891
1827
6984
2982
13756
5305
1749
4056
96646
202989
2988
11006
3849
7097
7528
9189
10146
11220
15524
14454
9206
9170
8159
7700
10335
9747
10485
9651
10624
10626
9897
10039
9820
9861
9109
9999
9847
10117
10875
10493
9110
9856
11659
10174
9442
12007
10231
10533
10109
10979
8828
9704
10515
10414
10196
10155
7389
9996
14172
10188
9971
10934
11002
14213
9835
13907
10272
10698
9420
147416
49450
176056
56425
64485
58956
44152
14074
14395
13816
13320
13002
13910
13234
13692
53702
282564
41934
51629
8265
94523
64340
85594
83335
88776
80445
85696
43305
43431
403753
189872
2786
15000
44227
72027
71546
69960
73228
69762
103613
37249
99602
22561
94947
87052
119013
75943
82644
83561
145808
104730
25598
24612
99303
97867
119906
56246
95543
67079
97241
110218
98243
10390
10197
10172
3722
12501
10623
56485
56119
154587
112652
82733
291563
158880
79802
85322
67566
78475
89535
117347
78973
74127
76000
81135
93032
58911
59473
58831
105821
94869
100674
102099
213345
86574
16477
148135
216063
308179
74616
81569
108622
108534
81484
78575
21232
87784
80190
74080
87012
119937
83814
102937
91186
9450
10998
9143
135237
70695
79792
89876
201552
55133
96428
85707
64987
96482
78787
57001
62890
64043
63625
61651
59057
58658
187445
107417
124119
114440
106726
109961
84952
69790
67886
65801
65569
66278
174764
177958
103853
39599
41961
94544
103217
82159
100114
100678
82452
100826
9081
9020
9564
8678
103058
94510
178508
80075
9313
97814
13452
5448
85364
85295
87682
103599
87398
108921
75454
81189
81810
103185
104991
104150
108154
104492
103202
102623
104029
108383
101317
103892
94344
94127
90239
81648
52505
124642
106901
82280
79191
83426
61191
95716
178069
218077
92921
218059
100093
77301
38894
101089
90005
45821
78196
62448
191777
52180
54394
93045
40286
44098
65253
120339
29717
98375
93756
92384
84317
94521
96260
91734
14248
15239
88066
124379
11926
27594
102959
21996
25917
83777
81227
97435
94379
85426
85955
81930
88971
84525
100070
90594
80196
83033
84412
97270
105757
96281
105092
102555
106923
103561
29511
177043
13237
148337
23977
23722
21309
22913
23617
26211
23141
23075
20576
213202
182943
109341
62553
147234
146622
125991
86443
177898
88493
52936
26631
61980
85720
85491
123876
126284
34249
34112
28233
28502
28995
32794
28184
28525
28208
28252
27805
28425
28037
27978
43599
27080
149044
93621
62566
81977
75538
147178
148106
62593
86206
16491
32253
50198
55980
135270
145043
55387
56149
56311
59260
54213
52750
55995
134667
145804
139482
56558
56054
56543
144845
56613
145088
55110
167988
11054
180172
183091
79259
178026
76970
68507
24371
24399
90609
23642
91006
119987
98256
102464
105396
201596
105687
37320
73238
102641
103756
104997
104566
73334
88623
91630
84796
176284
174352
10385
102835
178672
101513
58552
98322
179628
101908
163402
183861
95934
102159
183821
101428
55409
58557
178406
99419
177592
162426
100298
98653
99773
91679
105218
98799
100055
90319
5073
64652
28697
26804
30650
19639
29858
26427
21996
42990
20597
15576
20527
14265
15323
22346
34294
27980
29472
28079
162668
51617
82803
95090
29103
80039
109016
107879
83660
90695
93861
57603
99832
61941
80233
53031
19871
90432
77718
75738
58543
35597
81924
69130
71057
104012
30074
72194
73108
70884
29120
90506
62349
100060
73655
72721
72469
85260
146067
130381
127988
86604
104696
102916
107541
83937
131724
83428
88755
89950
93975
93446
94053
102611
76182
87661
74500
94783
136640
85005
95229
93370
95367
73288
66548
84984
88961
69775
97008
105870
73662
84583
83747
83719
83574
86573
85317
84923
14977
15023
56857
43533
57232
13706
187183
32154
46437
55865
84535
