307691
228750
281182
282895
5386
5886
14452
4529
4697
300
8028
4767
33593
8454
168900
40751
39807
2909
14927
1291
4754
7868
5145
131993
128413
8784
232392
5194
36717
50550
15179
3372
5232
1821
8303
40739
42942
43081
57416
7767
52797
26111
4315
155060
2757
5498
377
5206
5517
5243
22172
134416
5240
61670
36524
1758
7565
5833
11965
3311
5153
32355
5227
8651
178733
28451
3080
100999
131405
14957
37667
2748
212482
108252
40900
11660
7610
43106
2737
7559
137969
5804
2766
5195
5560
5213
5096
2766
15465
5149
133894
7313
6825
5191
236120
2744
288539
8159
4679
5140
2701
8374
4801
5156
31754
5454
2764
130608
164270
4594
35538
38297
2767
7687
118584
38347
45636
14510
33106
220
205719
37074
33507
399
224499
7768
5172
5325
2749
366
5126
134226
7687
7100
7206
5941
108409
37370
35466
5075
5220
4877
2750
5096
2705
102653
46375
5596
6891
5106
25120
159160
108873
335593
123500
150773
8072
2754
135611
139342
37618
77672
2672
146454
4421
5175
322
7911
2758
2580
5204
359
2739
149599
2759
149955
5232
48502
741
3323
18630
6039
33350
7458
10079
2748
2761
2734
5150
5155
5192
2739
75931
70797
7542
39672
31007
2755
164018
57455
163025
5577
45503
8607
53373
63882
56275
5331
2786
41708
5405
5504
106332
497
7729
1305
2746
39325
5002
43075
40679
43186
5445
2751
43604
2754
2668
2756
5192
2766
57050
50913
30728
5256
5455
75898
99657
110907
7118
14935
42259
4726
86155
7184
36798
38208
359853
2773
42493
2706
5085
36748
7304
5197
49136
58498
209771
231621
7841
5028
40149
1360
7591
2744
2748
42722
2731
2773
2761
37359
18227
110865
4981
16687
44373
2752
67480
156102
138390
14796
173591
7308
37611
36949
2738
6034
40190
17385
20869
2606
2779
58638
29576
119217
2755
5203
2745
2753
5380
6340
31508
19604
2782
5435
44969
280334
5116
2754
5205
16784
69777
41830
36596
57930
43769
34692
5499
2735
39892
233234
46012
5335
149696
190289
37555
6882
2746
30636
38384
16473
32172
2993
5118
43783
5444
28332
42415
86462
18855
41401
161766
2760
241087
113220
2749
244834
129908
143461
682
230
2037
1387
1353
1342
1993
184439
5372
150224
134431
39853
4432
49220
156789
94800
33034
324
781
34446
30944
45063
7161
1354
38439
5039
8101
567669
105903
39786
1377
49534
15644
5247
3024
5190
48024
35580
230138
133719
7993
717
3909
1347
1372
1360
4694
39937
139962
221454
186250
47399
60942
2773
26163
2735
48836
56426
355
32292
35937
43804
5548
2741
5180
7722
6407
5398
235646
5415
1350
3018
7965
8174
7857
41834
17663
48247
48177
112930
8300
5132
893
14900
1351
1356
1354
1337
4721
119451
159378
134721
8253
2763
41724
2593
31301
2768
7932
39043
393
7743
30536
33213
26263
35083
1349
1988
131514
207439
647
75294
36012
6087
4693
161046
59471
5186
177874
7461
54865
11624
145597
162114
4642
821
8805
1351
1307
1356
1012
4393
52297
4682
171096
39166
148317
5460
34214
34246
51601
41391
388
1949
34125
32621
667
2750
20923
140131
41092
5610
150715
7107
148687
7349
330611
336
4491
2689
4176
44010
39600
144575
42575
5217
35524
34185
81593
6396
34450
11979
3466
6331
4615
9525
6035
3811
3569
8952
8274
6355
8908
11486
8359
8832
25142
5241
6656
8284
4788
5776
7560
302
4540
6366
8918
8405
6744
3027
8273
135301
159857
8178
5223
43411
41489
33501
309286
1344
153080
246
8482
4699
13720
12002
8372
5894
7555
254
5284
360
4041
1801
8557
5202
5662
8018
13246
18959
6827
7352
5853
17904
15711
14984
8657
28033
15600
3761
8024
2861
43785
39732
124784
111362
42935
36519
5323
3051
1424
6883
2630
9202
6151
6362
10011
7790
6955
12734
9256
1239
4009
6424
6311
11550
10708
15140
10688
6376
6562
10205
9476
5833
5358
8432
6298
5698
4528
8511
14116
7489
8002
19343
40834
4563
195858
40248
2561
34094
130759
1996
615
46675
7286
371
6296
7015
12294
7320
8088
10692
7462
6211
11161
11131
9264
8448
9799
10716
5695
14104
15462
4268
24732
12708
5163
11019
11822
5962
12035
7830
12104
12655
9332
836
1104
370
8620
363
15311
337
10401
5273
4322
12141
14042
24839
9275
8831
8688
8632
4253
4672
295
11484
10296
2617
2474
12491
18859
13173
10056
7880
10848
8513
10348
13498
11375
12506
8118
4019
16769
1168
8477
8301
301
3392
7680
17145
8797
8550
10646
6099
826
2835
5132
3090
8250
4840
2514
7453
6603
20985
10681
4152
9518
16527
9608
17099
4048
11372
17919
2844
8785
12293
4028
8683
5179
16740
7059
28697
12602
364
13385
4579
5338
9650
6927
5325
4647
6507
1432
8747
11824
8451
2728
2599
15522
4400
13652
6054
6303
8289
4576
5666
10071
15192
9346
18234
16650
12130
17265
5242
284
5283
370
5705
360
8627
248
29210
29141
26164
1165
9010
4569
4054
8870
8146
3156
4388
9185
4554
2891
2343
17630
5711
29174
10534
9812
11991
7683
5723
9524
7441
6610
15909
9263
3392
27317
5207
3904
3923
23696
4418
247
5533
8419
6179
6383
10635
6524
10424
11985
8374
7458
6653
27553
371
356
3874
15378
618
9596
11826
15690
18891
3841
8394
12677
19146
8332
5685
8289
10460
7429
12488
5723
3663
4732
6395
4507
12062
11849
19176
9591
6966
5784
6624
12425
366
329
306
369
6311
13222
457
4003
16634
15456
12317
8363
15246
6277
15894
9474
15914
9103
8019
11066
8210
8741
11274
9463
5845
5669
4082
3662
7351
11445
6440
6985
11154
12066
8708
12481
3644
9394
4505
315
315
360
9392
6625
1114
5898
10787
5966
15225
9149
18875
1374
15384
11950
10221
10673
7475
11850
11597
10499
16044
15045
10447
5641
3587
7383
3699
10343
29355
10482
18915
11845
11443
19524
18445
8126
3336
7355
8130
4113
359
256
292
4326
9489
8106
10359
6614
360
15191
10416
11940
11158
5881
10525
1682
10698
5359
10035
15882
12906
15384
9540
5987
6128
4763
4114
4201
6673
4014
9624
31323
26263
4437
10112
6450
4376
129593
131157
196858
3684
34794
6621
40793
1209
11338
7428
5503
5488
9992
11918
35450
2757
19111
2741
7876
2777
15702
196280
46339
2747
7389
9189
3852
14885
55761
44283
39620
45861
45286
41902
42431
10862
5722
7599
7442
7117
6998
30536
35938
34794
7982
34815
158482
11034
178249
167560
8295
9751
1379
1032
1348
6820
46900
20682
2781
7879
9324
2714
124884
21128
8828
15450
4744
154675
5234
42519
5128
7650
170101
130706
25325
34704
5359
18199
41318
35096
36001
10857
8485
5310
5466
45176
29926
121750
4775
6185
1118
3683
12016
15716
7494
17331
5542
10142
7564
2746
5676
8323
8135
3911
2768
13782
15450
2784
43033
7801
40003
4270
2249
2743
138715
42732
43095
43576
42802
43440
35937
35514
6495
7453
65195
10349
252401
6514
11932
6357
35994
36674
5914
14841
4519
37962
5576
230278
4415
6513
2787
185578
6618
3803
4302
152222
8854
9711
2586
2746
194711
185167
8743
2635
2750
15603
43883
44777
43155
41690
11442
11116
43681
43114
43231
9370
12024
9576
9924
15483
10839
7478
9640
11703
5270
8533
15480
12226
9672
10818
9535
9475
9708
4132
11219
6099
10943
4212
9848
12704
10038
10600
12138
7590
10155
12138
5268
13878
37639
8363
10962
7176
9028
5078
7440
8101
7387
9689
12573
7212
7437
1348
7389
9494
8511
9612
4279
6509
11831
9779
9584
7348
5889
10196
7373
9585
9558
9219
9591
9465
10053
10690
9899
7432
11440
7988
5906
3182
9646
6813
8251
7413
8027
7902
3027
166259
9391
11653
10326
6309
9741
11444
10735
10976
11602
2734
3166
10682
7152
19296
10785
10080
16934
31357
9384
11295
9399
10140
4148
9588
6366
31028
9834
11900
9663
4258
10538
7263
172963
6364
8033
11675
15428
1768
1339
7989
7560
4276
12333
8170
9704
9657
9871
27608
7835
11835
9762
11840
4718
4449
4193
11141
9532
10871
10820
7414
9515
7055
9760
10116
8612
8657
11411
7388
7491
9878
9835
3883
180500
15646
8587
11014
8507
18246
9611
7276
7434
7761
5096
149622
29337
8492
5130
7614
5307
6907
6000
9623
7906
7723
7944
7654
30889
1991
1355
16837
13590
134358
10429
37253
16494
63649
17910
17961
4578
6181
7412
17635
19816
10305
1354
2761
40867
2745
132959
42999
66015
5486
8197
16067
5278
53325
39503
8095
12301
2828
7759
8623
9181
1367
2319
7438
7353
2661
29751
7919
7961
7860
4788
3177
1355
1347
2751
10649
13627
5470
4530
28471
9035
24755
185683
46219
11034
1365
12807
156487
46640
4094
5298
3962
1331
39199
59446
8622
2750
7348
6227
5823
4265
7857
7856
1346
13588
3791
2758
46072
5455
407339
62730
18954
44856
12640
25194
4375
5230
45251
13936
23147
6582
1350
2745
20739
39104
43365
10705
6068
10682
8226
12333
4215
9723
7610
7815
9644
15948
6435
7855
7746
1323
9694
6321
2745
8478
10707
13459
7009
1346
39704
5299
36466
4975
10939
23015
211215
2757
135135
13952
1354
43784
895
10046
6607
19748
37974
49639
52162
5486
9544
7454
10374
5049
7722
126624
240516
8739
7531
5182
13945
34525
7866
70654
64494
67188
2768
84264
5476
8385
16965
6485
2784
156917
40938
34683
2792
5192
1380
26660
8281
2728
7393
8380
321240
44857
70153
36415
36019
5197
43265
246092
45445
38197
38528
29113
38239
5188
7568
2063
7542
26076
13731
161475
7263
3657
42289
64787
78296
1358
5900
3573
2759
17212
7382
2752
28538
30510
2744
9890
132239
174059
2756
10851
1357
131204
6662
1367
38563
10793
43420
6794
43282
131331
10864
4172
2762
4431
19212
14462
5079
147544
38194
9548
190054
4539
25563
191100
74483
52047
68427
69059
231801
6858
2762
135454
7801
5215
2767
17039
1898
2744
5083
1358
7522
1962
1346
152372
10837
6485
8550
7390
288046
29096
2745
9342
8096
44385
104710
30505
7259
153766
56852
56692
220859
7711
8539
198050
177300
7970
168041
26537
27453
6279
60238
165890
11545
2035
162109
9004
17481
43128
44061
42271
10510
44041
111953
2762
9816
7261
10755
9499
30286
6395
3245
56538
35741
8855
25709
42572
96944
5779
1336
5168
8656
11966
5229
2757
40863
1372
1346
1349
12414
5403
28203
9659
218948
42973
84201
40539
137619
38124
9711
52250
12035
344686
43200
24655
9730
9054
52975
58663
39577
40881
1370
2742
295146
186262
36690
2753
8115
1350
124121
43864
11929
29739
49902
2753
2752
1378
1340
1344
18098
5173
15180
10723
9711
4448
8404
8727
83319
58692
42653
17938
9628
172764
5077
1356
142072
41593
7870
27751
53746
170523
43011
36892
13071
169794
15135
7099
14214
7295
1361
38179
186713
2756
10719
10438
5816
396
1361
10396
33507
26253
6419
4723
2746
62337
18762
2760
63395
1362
111382
31686
10448
4567
8463
10448
291593
13208
10815
72415
30481
2728
5261
5040
37446
38760
2760
15486
4678
4293
46214
44520
2761
2751
34659
1358
1356
1346
47382
5326
6375
35055
9689
8926
47785
9635
79232
38867
35822
9343
51277
31787
8406
368683
5075
9570
37313
8590
52414
23812
47021
10180
6223
33985
2740
2745
43249
1342
46365
5164
17171
1346
9804
9236
42231
42972
70579
164270
48172
9354
9456
36409
9005
6718
1354
11858
7582
2736
5808
44342
13111
2724
5130
2755
5371
10357
51478
39816
70110
8032
68090
4852
6290
8089
47453
154641
5193
10441
5387
8412
2803
7326
4742
35543
7674
2723
45051
8546
17495
7349
1388
24812
5979
5523
9742
10648
2740
7961
38815
316674
39136
10207
5481
11029
51621
52892
39252
137947
2780
76312
4757
9205
4198
39989
64427
5313
27165
1371
40449
294
7742
1358
10387
156179
1338
2725
77554
43548
39244
190032
6935
2740
9836
10464
28326
23576
1196
10674
10084
7713
4512
23433
5446
5674
231255
2737
6381
5158
7212
5058
12134
53572
29305
69904
8305
75811
6539
1339
45625
4680
7556
2845
2750
17143
41171
28773
55596
2747
124279
11732
5877
9837
10494
27656
2756
7277
5200
9656
5300
4035
50968
2771
38841
19282
58037
2584
2794
42961
18343
66530
9280
15330
164602
49487
35343
2743
154906
47057
58471
4139
47341
62146
46872
6171
18562
7020
4547
8500
6528
26552
6151
127607
8759
42526
37456
66235
8256
2740
8210
8222
2757
2764
8499
8604
44899
5138
2752
10411
25724
11526
168394
43931
1337
73325
38457
60195
7564
2767
53102
3983
37635
153894
155372
64807
58554
2757
119343
7310
356
50930
132562
14398
39472
6285
8913
8647
12878
348
45344
148634
4009
6633
3190
41941
8653
84576
69378
12685
2140
9467
21115
7227
7779
68952
35638
38753
5515
54887
22195
5573
12925
6206
9650
6310
39867
9973
40287
36885
13196
34952
7422
8791
5462
38934
43016
5195
7802
2759
7118
43152
6506
1349
10794
5187
5242
3776
60074
10865
74609
11631
171451
62715
43079
44929
154017
7260
64618
58578
5081
155122
2804
8929
111724
7890
4731
6154
4652
26396
3791
7988
3437
36632
148371
13696
66390
6449
65764
9792
8542
1898
274
2784
7149
7722
7346
142111
10941
7048
2896
141291
2743
5759
6434
11752
166418
10814
6842
5316
10282
342
31147
4806
16349
3726
2774
2162
2782
7184
40975
7907
12282
7498
17036
34125
43804
8242
8535
5390
6534
4534
2807
6780
15684
37235
330
41119
39576
36270
7379
72544
8082
108592
1366
156344
10723
1389
30570
165429
2754
8995
7958
44080
37184
226205
1384
7204
6094
5673
7988
2386
107530
1803
2755
39896
12601
1369
4835
12390
34446
30944
6116
9500
19405
1363
5168
16111
9098
11381
135797
36674
2808
155445
34882
10352
41441
7632
12331
17147
34920
1315
11064
1814
2819
2160
158091
6586
2748
4734
9235
33034
32621
10067
16184
191759
1364
16614
4534
2814
8662
17602
35525
43144
43809
38764
248526
42822
74901
176675
145289
15763
9965
3690
5104
88486
31276
44491
6580
7215
8433
31250
7982
8513
1833
2791
2072
1739
10588
194454
6725
2166
40761
33213
45063
10035
7586
2751
7317
2744
4122
24186
1387
45169
2823
38497
37856
51376
58652
368454
5112
1354
52141
174436
9781
2910
2064
3770
3736
3790
2896
3253
2856
6155
9505
7737
9750
2981
6085
5232
5235
7641
59598
15800
29276
3427
17858
6643
3431
1379
225268
2754
164093
2736
2582
1383
5639
184396
10436
5196
2724
10113
5406
1416
1760
7125
158006
157486
5018
1767
1347
7148
11560
2878
3729
3801
2950
2761
2785
2897
2708
5184
2768
37068
17665
7510
7951
18935
4926
5186
41207
4286
8126
2591
2763
45413
170605
7510
3065
2792
1181548
169947
8127
10820
1259
194022
9070
9311
3629
3899
3748
3371
2908
3705
16620
6517
5271
7342
172253
9741
4944
18940
4952
7678
59798
176788
2744
4247
9868
2762
1371
26128
1331
617453
7543
165540
29124
1388
2764
198519
9680
5199
2739
1373
35203
9760
1838
7259
7309
4294
5194
2797
3759
3798
3763
3718
3818
3787
9489
361
5355
22727
22743
9744
8086
1334
8035
59199
73453
7181
3322
18499
5866
156742
2707
163875
1351
167713
5905
2605
5086
1392
184095
169285
2797
2723
59230
1356
1703
7182
44054
5399
6281
15131
41181
49675
61440
35499
19063
36953
114768
7679
38368
190789
176428
232878
84565
157061
45667
1396
9682
101487
12408
50661
33004
5162
7519
7408
6175
41090
5819
20128
40940
205791
7753
22435
72917
151483
7693
6494
5177
1385
1354
40986
9917
1751
7219
3956
5316
6244
7489
23494
5026
39562
2164
8837
159801
41518
37236
118351
32317
179563
174282
176184
93198
17072
7584
12488
2383
12603
29074
72332
16791
13273
7401
7310
6791
75960
5154
6688
7686
23931
124335
3893
2740
38677
39162
5813
3929
39270
127063
40973
7906
88322
181044
183806
191195
30651
5475
2824
7723
6942
1957
29017
165919
62668
5225
7458
7769
6519
178559
7797
1395
7632
45530
5514
1377
7749
89916
175699
7048
4152
157950
8314
2799
5348
2860
48674
125956
10638
7240
6704
235226
37664
40555
16945
56506
174079
175230
182180
47279
2782
346754
9999
2566
14278
26284
135041
2641
3111
7532
6423
2689
43032
3480
8065
7718
4926
3709
20190
31616
8198
7753
4193
5278
1259013
145964
14153
10607
49576
7103
74431
13830
65839
9648
196691
662
95299
24645
5386
5034
48072
39474
47741
4595
43221
60714
31806
185139
11877
2747
26689
10791
5197
7611
8770
9543
2783
149297
2459
2882
7696
108853
46387
9660
149273
7259
10990
6543
10438
5229
7784
5666
7873
13384
14702
7391
36661
30332
10347
9565
26340
10872
6677
132662
44077
157304
5282
13459
49330
45890
2740
38684
54024
47159
7855
11245
7948
26227
2660
5510
10733
9694
15867
7140
12875
6119
9626
262391
8159
13807
16403
6506
18659
3048
18168
46140
5292
5076
14270
51342
47535
17078
40058
8210
6707
11688
689
30578
26077
2675
3765
5421
8549
14717
5319
4137
5219
15276
43786
33609
10731
49981
40128
9595
7774
5222
18927
7326
38013
39283
7488
65766
8638
219474
6514
156897
81184
284757
5388
2750
46586
47055
5064
49135
69420
25139
21592
11616
2762
26041
26223
2656
31100
10656
2359
8008
36711
1436
7582
9124
42844
127732
43788
43376
280538
18397
167292
2751
7236
16510
1376
18078
1379
11490
9630
42832
26201
44988
42123
8496
11895
4145
5208
8224
12172
17798
2789
9839
8876
7583
10943
5163
162596
40474
77315
29371
29612
58104
9544
7954
9512
1345
6518
5285
358663
10057
8601
42966
11139
52474
9908
46271
41164
4987
7293
7271
7635
166687
104936
4927
16648
42784
36847
35652
38889
8206
6796
8856
39974
10180
12135
8050
10303
2806
1315
11634
1478
6471
9266
156176
50255
67170
29729
29506
29516
7341
7596
53996
41992
10798
3640
6916
58065
35700
31766
61167
2034
61847
301
7548
12034
7757
2816
2716
1358
1362
11902
692
12292
103299
122024
29214
29202
29348
77448
133572
153962
28494
7212
6124
6956
51071
76631
167396
279967
219216
3068
7319
12093
7348
17972
2741
7659
8410
39783
33594
49116
43581
13467
5012
5053
2771
10404
12104
123869
8344
2816
5843
7916
6838
5214
158305
37612
69855
29574
29505
29516
60894
45517
1360
211518
8328
9508
2781
147940
43731
31674
46054
215710
223720
43457
41549
41148
66275
59080
60523
44546
42606
168062
48454
93839
111506
290304
166452
157785
45552
1479
1335
47355
44400
49390
49329
40710
41528
44375
45805
50552
38964
8427
30119
4970
5140
42405
38002
45554
43870
3523
29564
132978
5213
169158
4472
1352
119082
2598
6581
7001
59203
178193
48396
221828
37282
9445
9538
66116
139806
172879
31841
49329
38326
43551
18919
42608
69391
74669
49116
60496
136326
1350
15048
160646
40048
1378
5275
39026
42780
41567
39578
78751
3405
44030
5013
5349
9842
27431
38253
93017
176043
49433
156628
41726
44401
44485
41572
219372
39282
166499
161440
182833
12154
5990
7286
45364
42391
202949
45366
47288
44508
44120
41351
40155
5273
5333
7826
92775
42689
243050
26449
26215
49219
1350
5136
5294
76107
152427
218929
72570
38513
44492
37151
34117
44782
3762
143986
38309
45354
136947
345809
291144
56621
39646
26836
2650
6460
39188
231743
38997
1389
43741
47090
37595
38759
40029
41468
141836
5157
5087
4994
122696
62952
91715
40071
3562
42461
47611
5372
5176
4772
4914
9621
41796
7519
1021348
4776
45606
36947
42963
233501
5305
2649
23410
1390
171211
39921
49259
40487
7619
11487
13298
40929
46917
129155
40695
208007
76705
44557
45730
180977
46198
53028
14847
1335
4655
11194
5142
41491
33277
9718
4782
8879
168809
47595
36932
40917
159624
64144
39012
5121
4899
30024
174413
149844
157834
1670
102319
142349
36321
1718
2748
2664
160221
2351
3960
147284
34302
49458
5413
2912
11980
11975
40803
39573
186468
44892
126433
47325
38834
182801
133057
26769
3230
10081
42746
10855
68527
36562
37740
48814
2676
43931
6224
180421
36838
42084
49425
44714
1364
11918
12016
74485
76802
205622
45728
38987
38374
79114
40658
192497
44945
25865
158620
5033
20070
2063
9314
40192
107218
10859
4780
34391
9075
2495
3788
147737
7554
9796
1764
342
37095
47252
22781
2688
3971
2743
6337
34891
38682
50161
7551
11120
11088
40931
56958
40231
198013
175430
76718
26407
38327
46997
131332
161978
50861
10739
20074
8397
47724
135982
178807
4783
11279
2744
7397
9868
2739
45781
459984
49894
52617
43882
42185
142563
156558
53359
176227
74519
52643
54291
32189
5736
171407
103910
45942
179063
8555
5329
17932
10768
2766
43458
29742
59746
65132
59254
72369
28760
34844
145343
155631
8576
32382
42652
3064
3919
19979
12565
28072
57611
177211
2517
4783
8784
1798
2539
11530
76479
74711
47109
51252
1224
41392
51214
154872
51821
35430
76134
143855
31185
7286
47552
171796
69278
37644
37378
7069
1832
11353
72394
135281
57447
11702
9499
42902
76179
68598
51552
2754
19527
157482
53369
39108
69048
49107
103257
5612
7537
39784
50679
38275
37323
10984
42724
2669
1292
358
59454
72098
75994
38099
100418
72534
38776
39148
46976
41475
31090
197693
140633
3206
13241
53588
2742
56279
52057
75736
80955
21248
45242
46639
51077
27190
45572
35722
102105
7582
1060
247511
59626
223989
53102
10600
39981
5983
18341
4195
42313
43447
42215
6453
64756
145865
6478
71443
53664
58305
4772
41294
30910
32337
129052
17052
5163
77367
673
9600
52519
76129
76050
58043
108297
3780
134643
42874
5403
2775
6795
7539
29467
76586
29511
70236
7562
5722
12676
9271
3646
19771
101818
9359
42957
40931
41757
146193
154701
39844
37375
4129
5478
14581
44578
132123
45344
76323
68196
37372
74210
39189
72961
6277
1908524
55282
28674
29631
7267
5208
70657
70838
55213
52102
54314
2825
14307
53253
2473870
2572
6398
7985
29200
29140
29377
53701
8507
4945
2786
42940
19944
33628
10688
39860
38880
39874
165238
49836
50354
2282
6379
74533
109960
59179
7228
258139
50690
8577
7989
159991
29266
53636
69309
29514
7615
19180
11806
3850
17486
5558
42749
5280
44459
34145
156338
33996
49246
156648
28301
11474
7228
4464
43394
139738
15602
88097
43940
50755
76217
92495
70115
57155
48228
72108
18643
163019
76483
28035
2834
128367
31967
29464
69815
136910
9472
148803
12058
43686
11470
7647
42665
39758
42480
52282
80382
164297
81656
36969
2020
7807
1777
40471
1127
1118
31080
52390
52122
43869
75894
93147
52823
45794
5084
127184
5805
2760
7896
7435
8090
10673
1628
2249
2259
120420
1359
1000
62466
42906
45696
246964
8176
204815
218339
10929
39078
46739
271084
52963
43017
53159
17869
56789
52974
72329
68262
12262
6301
6318
148612
47180
412
7838
41604
8424
17276
51319
52873
148567
52344
88135
43378
43564
9556
9554
1365
10346
1364
2761
8305
1721
1700
2121
10688
1365
24041
1007
159590
38966
8460
39207
45546
198533
2563
71565
41529
50781
43153
51236
43050
57775
92417
71629
77837
88255
168876
1348
2753
15563
7697
124688
7825
1378
6654
2253
2398
9023
7435
1009
43301
5073
46145
46243
43454
196456
98287
71058
173276
53124
38772
51250
40692
43766
70841
128546
51797
40739
6300
6500
10220
6638
5557
35725
1022
42594
4086
41386
10145
9160
6996
12656
7315
4767
610033
245717
1960
2668
5552
10167
7596
48800
109558
142094
39651
41687
48774
42093
9687
53396
44306
56024
47162
54791
69099
76184
42240
75568
170438
77792
33525
6253
9840
9501
5275
152710
34553
69279
155586
497513
51083
157568
53526
54470
13023
53137
60588
59016
67949
53177
51821
156646
11624
2818
2806
2067
152458
9739
59254
2225
1711
1753
1790
2087
2479
7314
1344
8398
9910
8930
19199
5193
64113
168470
72028
53255
152778
51781
47112
189311
95705
6317
1167289
15088
153158
3830
40411
52481
59672
41650
54411
51308
62991
53597
69641
59231
76797
71341
52379
56461
110569
154573
10281
10329
5006
2723
1915
163021
66316
2208
1896
2980
1001
2308
8194
8658
2830
8976
5198
7443
48984
53142
53169
76260
68720
51421
106327
53684
68311
52288
68494
53003
38616
28940
24041
2220
2383
1831
9276
52136
2236
3062
995
2925
2526
7256
7475
19917
5462
12273
7376
11579
2589
169148
139020
18899
65243
42392
31709
42764
158750
70506
153882
50844
57387
43036
75772
222006
78064
151924
64613
48420
68711
69864
10562
37328
5016
8228
2858
6148
55098
1784
1379
7467
1030
1741
7637
10513
7204
7802
10891
9578
8013
9700
167266
108483
56702
57315
50101
55726
159837
53513
160541
54452
67383
5534
144898
1353
51090
93794
40472
42597
133048
66676
28022
28193
11840
3368
8430
4642
1015
45480
11467
2026
2089
12265
4526
9388
2741
2152
2831
6598
8886
1437
9591
151601
2601
46440
160281
46847
50440
4227
11550
2169
2367
82438
5196
8914
149459
38392
39360
67150
50610
68386
9525
41156
28015
28336
28427
282355
204046
5257
1004
9292
2911
2698
6285
12275
11567
6530
9760
6835
370920
180800
119638
97065
9564
687
2603
36833
44332
71248
10365
5440
9355
2231
12390
2753
5108
162782
54279
72583
51378
70667
5327
158100
159656
54173
6233
8132
37380
39965
68807
41569
75028
43055
25740
43767
39093
3377
306862
220222
13954
6677
6577
1901
3120
8842
1406
19402
151108
2259
1349
1773
11367
8287
7167
55584
7424
10872
1374
131951
138035
41750
149162
62661
41941
135831
137090
26752
3149
5153
1007
11123
2549
2614
43734
2778
10030
32965
2121
2836
6002
3415
33452
8431
7310
2477
132534
45746
71778
521
4733
2149
17656
23176
14851
40002
10021
2439
5322
11900
9491
15480
11070
12278
2714
11096
18162
5300
17262
11190
4089
15504
17412
13203
9409
11141
369360
141907
140903
32799
155346
7679
157308
59578
45717
99730
133824
166782
46237
8047
8155
23170
8489
8563
14927
733
1359
1783
11135
18530
11120
17187
6431
5653
11080
11202
5309
15234
11526
10001
15396
15624
11492
11980
11220
11056
45648
43871
32975
169062
62699
66854
59601
42351
156446
40161
67744
58550
45871
8283
7321
1865
12982
2564
2590
162816
44844
167318
10319
1002
5453
7589
2232
7998
8021
9136
1966
12233
102759
5123
14884
16968
11097
9165
12240
7353
5303
15431
15480
18406
11903
11124
15444
15438
11103
11876
163424
138658
140807
53332
134359
42600
7037
348532
38646
859
31491
9553
6158
5145
11176
11139
15024
16179
15312
6705
19152
11019
12045
28096
13534
11156
16698
15887
13100
15442
11482
155997
29612
54506
40981
40286
5986
44366
34773
42654
43510
40923
52869
139004
11939
2547
2763
7494
2782
4019
3912
2600
2256
2907
4706
3393
2290
2199
2197
2130
10889
11958
5085
18368
120937
8712
5055
5167
148981
2751
18569
4893
5755
2243
2115
10290
2234
2130
3962
7836
2661
5049
2220
2741
3348
2861
2290
2234
139114
2651
13190
2243076
7653
32661
2833
2290
2643
3330
5740
2710
2288
2175
2122
2174
7369
8336
42544
9741
2737
5159
5181
4899
2948
31735
50109
4882
41880
6006
8952
2273
2193
2806
3865
2460
2155
2846
4037
3588
2906
2077
12113
7853
2531
182380
53744
49640
46547
17972
44147
8247
36844
8976
10021
9524
2904
1063
3160
3174
2387
2830
2187
2159
2855
1790
23321
4928
10192
5820
5189
5064
4844
7213
5426
31249
35814
6945
4988
1132
2277
2196
1040
2542
3892
9816
2254
2658
3998
3581
2735
2224
2229
2914
1755
4861
6408
164999
32753
9562
5770
7093
139972
2572
10372
43748
5076
2223
3246
2147
2249
145704
2776
10602
7018
2472
4202
2638
2309
2478
1605
2238
7686
2485
14953
5187
2711
2496
2605
2089
2042
2751
7586
2529
125765
8096
140913
19114
15684
2530
5404
2934
1759
4817
42093
56537
43129
55832
49577
59419
60285
8041
1825
2142
1769
2255
1981
10284
1976
2656
53636
37238
43639
5209
58211
71200
57052
54986
16930
2422
2007
2537
1741
2212
1763
7796
2096
3907
66299
159914
45808
56637
7531
61251
60727
109871
9720
10125
2456
2109
2784
2817
2307
10242
2184
1835
90460
66181
86246
5077
46869
74805
44716
63334
2414
2632
1942
1865
1990
2161
2423
1806
2434
3612
6083
3812
9617
10009
5047
2952
5046
2932
3621
5075
2737
3774
4956
8287
2756
5039
10558
3993
5019
8849
2199
6617
2123
26998
12916
2235
7641
2089
2112
6688
17989
2189
4613
12800
2251
8003
157977
192108
189418
174885
179107
228143
178171
8531
5132
1982
1370
4001
6219
6334
7143
2858
8121
7521
2750
226084
10485
39422
157498
36892
46150
6988
9785
10549
47142
16080
11511
8865
2740
172688
8376
15478
12422
190766
4083
1346
9108
10200
20260
4194
3753
3141
194701
7769
4991
2796
5181
5704
9246
9575
214699
16715
39167
29438
29806
53721
36814
42092
45403
73008
145518
348113
44613
130008
39725
49816
37359
159492
87603
29326
29492
29491
29264
29499
87510
162160
38810
33828
86228
73050
45169
39530
170341
43227
166977
159071
29323
29003
29751
29421
29412
37146
147745
47800
346567
158099
33756
43642
88403
28527
38742
41268
58076
29247
29261
29423
166881
29741
167785
108065
98170
41480
68365
28921
77327
38389
240413
29428
29391
29454
29496
7025
2218
3218
1375
351
2903
4590
2741
2751
7596
11804
7291
5318
17899
18009
17910
5158
8041
1789
22115
6169
29463
4451
4453
4686
4949
29324
29461
29440
4815
6047
4631
4552
29347
29517
29330
4501
3442
4424
4624
4671
29726
4656
4609
4199
4654
4366
29506
28876
29594
2745
10870
532
11367
4666
4230
9829
31848
33090
10119
683
241560
15395
6327
5949
2152
2530
1999
1875
1901
1063
2292
2305
2237
1799
2469
19250
1240
2293
2291
2061
1826
7320
1815
1894
124244
1635
1241
1600
1895
2166
2257
4532
38092
30505
40758
41938
10893
2253
3341
7475
2188
651523
10938
8925
132753
12148
2794
48203
57677
32847
160358
9853
3542
42612
41632
175720
14729
8105
8496
8418
172064
147303
68016
11649
8087
496200
47636
43587
177534
167435
9867
41666
29508
10761
3955
2744
1767
5494
3813
24835
16732
13154
10614
18186
182309
473558
193301
196300
1705
5995
6410
3179
434
1381
5201
171454
8915
5213
122522
7233
8293
32939
5032
4902
5358
73689
5288
9553
1387
2776
34064
328
1353
5352
171045
5111
22780
7197
2765
35685
5024
35159
1353
5041
178262
10757
5300
8887
2923
11072
188534
12020
14478
10795
12162
14494
13188
11214
16133
12706
14627
5547
4961
15696
136896
12004
10877
13769
29767
11003
9526
7770
24837
11390
10815
2531
23193
2754
10011
11176
38049
415
26315
7333
8768
21779
21414
15618
18697
7810
205896
19527
10890
22879
9809
7656
24521
18553
16248
6929
4850
9653
16053
10988
10406
10485
10967
167467
63569
127011
9850
2231
2272
8543
3912
4942
1813
4178
2768
2733
9632
12045
5997
4784
2903
2617
4742
3338
29144
3747
5007
4781
2922
6393
11343
7707
6733
6139
5056
98382
2497
11877
5221
135952
5163
6888
4634
94109
41098
50515
41563
68227
40740
149218
69030
43963
62851
41526
60919
41868
68355
56669
33900
15524
56982
73419
68472
39593
50418
177643
37976
44203
149732
60996
19343
65953
56275
40938
166313
33509
77779
68735
39235
68367
36595
41149
142987
18655
46596
43012
67617
41338
188632
29407
40114
38084
67774
51637
40491
53141
70270
48594
120098
134270
84583
61511
72790
50113
52392
29237
49037
48689
53455
72139
76964
161989
56528
43595
56505
43189
30624
10316
8506
56451
41243
51601
43900
90743
222888
52643
41054
41698
45673
27389
66102
53042
68868
50768
48754
58338
170527
32675
206713
41805
45161
53387
41149
44573
44846
43809
29459
43145
28144
5027
28111
5181
15728
28489
167298
73420
41449
42593
66111
31522
248088
59670
140961
53956
26975
44247
51365
58985
109801
162252
40024
49452
36065
33509
31075
61081
44576
130949
45653
87372
75167
309208
32182
9654
14243
7417
12362
38886
34752
22609
61235
4269
51355
44222
5001
72378
58671
47618
52530
58472
49949
50165
49158
56826
29733
49847
44492
49203
76269
37995
57168
41843
22947
4184
9362
5474
7270
5810
58000
40698
167124
88698
4468
59416
177688
4623
42508
42881
60754
223932
197361
41931
27935
9895
162327
45218
38751
58065
50614
52088
75626
153714
51409
57293
60934
49462
40000
44952
49714
45626
170286
49717
182145
43216
59878
68346
40829
50078
170336
52967
46895
41507
44461
39133
43190
60747
50623
43745
15541
44360
2788
32684
34155
40670
51543
93879
55617
75816
52357
59652
126341
162486
147589
43724
48216
52927
40592
86252
87712
137918
55008
75933
40477
35764
170822
60609
41560
33274
45045
111751
43228
59802
30664
142348
43098
27608
31156
6089
34176
39474
76271
54439
51161
57766
59052
53219
71214
43150
62738
40736
37246
116138
162101
57253
169223
45552
58627
32414
68293
33755
58546
170473
57328
35703
32846
52261
27783
1317
69118
39399
18609
62181
42265
52055
55094
167431
49421
52955
29605
77266
38392
35644
66708
50882
52647
50854
138877
43225
68839
153401
52139
171541
110764
43680
49316
38625
38269
39409
156833
154434
53184
60216
32894
50827
9590
9130
14924
5003
15078
41620
33399
36051
8613
12429
6421
1210
1714
75339
75987
141298
133531
138234
18467
6656
49797
2965
24847
48666
8607
33596
12389
1223
1722
44496
75796
76276
106071
52155
62220
1846
11907
63991
34997
45626
8612
41941
142085
10423
1210
127726
41085
72192
81541
31703
54312
98765
1853
133590
5378
16943
131903
8540
8628
60875
168771
36315
37990
51492
151417
93464
5212
9581
140119
5203
129563
111246
7925
6038
7663
8660
124039
1361
7047
5712
70812
8187
7897
6360
29763
17412
15217
14051
3003
3124
4020
1137
1045
1123
4282
1776
1932
2175
2301
1888
1898
1802
2732
2999
1709
2023
2546
1182
838
1693
6380
1627
2205
1660
1931
1963
2198
2987
1912
3049
3208
3481
8904
1096
1082
1217
2256
1775
2304
1762
1821
4301
1915
2927
2903
3091
3531
2164
1113
1131
4441
2259
2022
2939
1632
2678
1587
2862
2039
3910
2746
1677
2191
2748
7313
7518
7527
6017
362276
17607
2984
10290
4396
16823
4765
7382
8183
5461
7470
37545
12484
7367
23909
3674
12512
1335
38073
5620
18236
37556
10320
23194
5211
5625
2762
5726
3038
15247
134146
2748
3060
2608
2468
2723
2308
2226
14334
1280
2750
8919
2136
2568
2755
2247
2384
125171
2589
1845
2782
24896
2684
2861
2623
2125
2230
9885
24662
1856
2684
1474
2712
2645
2164
2240
2194
8082
2002
2355
9518
4483
1939
7535
11155
136416
9419
5100
9168
5813
3120
8644
128058
1386
6350
5583
8531
372707
23676
9622
2683
9357
16146
20433
7788
9537
10206
28434
5071
2803
10864
9630
9310
1367
5481
3782
16671
10158
4998
9369
126965
2471
5224
2479
2742
2522
10122
2631
5162
2715
23958
2951
3260
2264
2262
3138
2356
6966
2854
3021
1864
3124
13434
7313
2029
2651
2985
2103
3811
2369
1173
2522
2187
2320
5184
1784
1828
2533
2433
1051
4789
5016
3206
4851
27709
748
42140
10913
2568
745
6400
15091
10644
133492
10908
8246
6863
52924
8798
93139
9808
52684
2759
52689
9224
2740
15458
9868
2742
3935
2506
9863
6775
9431
7484
7253
7961
7149
7402
32690
7282
9859
7277
7527
7299
5748
4268
12162
9837
8946
9778
31314
6434
4633
115510
4388
2387
29162
7747
6379
2054
2414
3873
9148
4662
2718
5224
4224
5124
2297
29581
2397
6608
8537
4816
30161
2220
3722
32995
4074
42418
9636
93577
74073
46570
90552
36938
33477
45537
39873
45858
8492
32637
80650
75462
55524
93754
36629
38975
17562
43505
58308
6673
167619
45858
17119
92618
93843
45417
165868
17727
83324
73752
41871
138081
154476
75680
46600
54990
50183
49033
56212
41207
133798
49768
43970
170650
52738
44536
54167
229501
244840
25908
94554
32649
162359
162375
39158
168758
29254
251042
38773
34396
40749
162308
170788
93129
44268
52496
22179
22825
39235
12978
11716
217124
57804
8938
37933
41760
103445
165751
41857
45285
47898
246390
246289
162415
72979
33105
164443
161552
39434
50934
29347
42429
36202
180219
163201
51802
161140
40273
40008
108050
21697
58566
49167
12929
18467
61626
66611
8525
158081
41918
41005
52726
93686
241147
223935
26504
87662
17640
163345
163041
39444
40570
29338
111325
76012
31987
168272
38071
53431
44570
52501
166634
22884
72697
13143
4663
52077
9112
45206
43277
157501
35068
78302
44929
92580
240761
24320
162151
222832
32729
161929
39274
44885
170770
29249
50082
32409
42201
39616
39640
59265
159878
53623
168993
22240
33697
17861
18593
11843
160985
41809
44513
43773
169621
10173
15462
53717
194437
12349
18230
13407
174307
46877
60606
98136
47880
50346
50636
52561
77832
51290
11541
11103
10855
10831
8126
13309
12291
59443
14731
7202
12860
10787
221908
41170
43602
51884
46895
76972
44872
53486
43267
53411
11165
15940
10795
10729
10588
20231
12767
39696
12247
10151
11279
19166
52129
52437
53935
50127
42979
43982
43516
52428
58871
43293
12734
13691
2749
7752
10925
13732
13490
12651
10937
9591
8683
50509
104906
48670
59337
49286
49894
42395
54751
58560
9924
14191
10304
11370
12072
14622
7725
10055
2905
10147
2636
5230
5166
2621
5145
19406
5213
5349
23635
15207
19291
360610
2759
41981
6719
5414
10025
9070
11308
11238
9018
9875
9220
2229
6205
11557
2738
9850
10562
2000
10193
8155
9788
131855
2753
17269
5172
5850
42185
46575
38979
41806
42893
40443
42696
40498
42817
45342
88421
172345
59518
174830
43788
89817
9224
216121
41063
114180
77375
186386
42685
198190
41105
39949
89937
42696
169936
88990
40470
47564
41886
49979
39290
125114
89010
134927
42696
33181
34563
168929
185102
42702
42927
37395
31481
17714
10471
11931
157855
41224
327147
11919
2757
2632
5108
33562
4284
28349
4580
10623
7599
2791
9756
7835
7567
163005
1365
7401
8051
7915
5186
2226
4208
4478
2838
10233
30268
2960
10305
11076
10837
8805
12648
2745
10757
10542
3436
9839
7768
2858
3358
12096
3049
2803
11081
3034
12877
4971
13072
3639
12839
2662
2654
2718
2802
3447
3179
3164
2223
4288
9512
3458
9949
6313
9888
3220
2543
4213
8358
16196
10283
9073
6784
13946
2721
2767
2748
2787
2841
3325
3237
3282
3152
3113
3023
8507
9110
2750
3936
8584
13517
11177
13913
12369
112536
2782
3250
2642
2791
2585
3057
5221
3211
3076
3226
2729
4902
9214
8955
3168
2566
2850
10188
2252
10892
24514
12871
8729
4640
2892
2721
2645
2768
3342
3215
3344
3119
3252
5201
3570
9107
8943
4491
8518
7382
6856
5546
3244
3277
11540
9154
2953
20268
6006
2785
2584
10177
9925
2544
9054
9599
5163
10128
6877
12469
7612
3597
9528
4369
2687
3610
4198
2962
11374
9997
12384
9324
7198
5991
3950
4653
11959
29384
10083
6589
11058
2328
3266
9974
4035
2816
3537
3761
3003
20843
8452
8675
3705
5516
9888
8175
4998
11112
3458
9521
9211
2881
2677
2624
2417
3226
8000
10000
9893
11189
3477
11035
4490
24648
5818
4044
4282
10256
10973
12996
10817
6969
12395
4401
9840
9973
3906
2317
3790
4527
2629
29566
4234
4371
4557
5703
8870
9751
12016
10613
11435
9386
9352
9502
7826
8647
8839
9234
7981
8045
6969
9404
7927
9632
8139
7927
10108
9336
9233
10091
8733
8221
9928
10897
10676
13842
6729
9416
12483
9663
10551
9364
9188
7821
8729
9348
10121
8334
9186
8546
8621
9450
10929
9245
8854
8818
8697
7599
8702
8407
8351
12772
10713
4376
8677
9953
9273
8658
8407
8918
9983
8466
10608
10859
10456
9484
9029
10342
9780
9396
9113
10546
10149
9149
9323
9153
9261
8887
9410
5074
8487
4532
11457
10040
7349
8628
9382
8711
9376
9460
9176
8923
9395
3675
6098
6214
6040
9665
4797
9110
5431
8626
7273
8411
10278
9895
6503
8920
9166
9206
9559
8817
12524
8879
10355
1723
11379
2959
4609
8636
10845
2613
5510
8382
8961
10912
9613
8941
8680
9145
13389
3717
2495
9177
19864
9763
10003
6083
2463
3970
2840
10445
10472
9171
9388
8916
9581
7966
9763
9317
8091
9223
8235
7396
9345
9865
9463
8464
7620
6681
8951
9142
3206
10162
8691
8943
5635
3908
2571
7484
10236
2723
2781
12441
9291
11314
11938
2791
9854
13283
3593
8831
9272
9081
1684
6235
10019
10194
4369
4626
2585
3446
9667
8678
9287
8890
10153
8610
7094
2768
2642
9309
10481
11290
5321
9247
9299
8837
2702
3319
11515
10528
11119
11560
2781
12155
7548
2824
10076
8352
7849
2281
3209
8739
9166
4981
2308
3284
3557
3216
7418
9058
7812
7500
9166
10473
7810
8215
8465
10012
8778
8476
8127
9458
8804
3959
7652
4778
5077
8033
4118
3259
10033
9155
1790
2583
10962
9887
10829
10183
3718
2704
7768
7807
8658
10360
8281
2982
10297
15783
10153
8895
6372
9025
4228
2716
8926
8377
6570
4752
3348
9041
8467
24818
1793
10025
9716
8664
7447
6891
2799
2758
3090
9126
8860
9077
8922
3375
10120
8687
7192
4175
2566
2981
2934
8114
8903
9596
11270
8238
6041
3332
8673
8978
4650
10445
10069
10976
10650
8318
4431
5593
7552
6293
1369
4145
9524
5222
3164
4177
4963
3799
4692
5094
4740
5040
4382
5028
4822
6097
9551
8031
4823
9743
9103
5448
5197
4230
3929
3932
4084
9301
8772
5804
10072
10422
4130
7505
4958
5859
1370
4836
3518
4711
4536
3092
3557
3679
28763
4130
4423
4971
6618
3611
5363
4473
10610
8774
3685
3919
8712
8223
5218
6844
3540
3608
3051
3456
3008
8652
3108
5094
3815
3181
2863
7388
8342
3643
11157
5682
9480
9481
6206
4524
6659
6758
2750
8176
9621
4560
4484
3995
2971
3474
224064
4716
3714
4629
4755
3343
3737
3325
9316
9296
8158
3229
9481
5795
9086
4221
14637
13549
9141
3615
7804
6754
1375
5037
6096
4496
4288
4180
2930
3507
15099
4570
4581
4632
6381
3891
5440
5160
7171
8410
3964
10473
8375
4925
5420
4409
3875
4067
3015
3570
3776
5278
8489
7736
13000
2073
3675
6056
8685
8923
7594
3333
4712
8860
13741
10831
9356
11349
5619
2981
2892
2872
2012
5917
10234
8846
9635
5394
4551
10903
12044
10046
9702
9758
8604
9856
7696
10184
9668
3501
3084
3833
4193
2539
9182
5933
7691
4257
13161
11145
11280
12562
4035
4959
2664
2592
2835
5313
6288
8848
9435
8307
4928
4792
4560
9555
9596
9773
9565
8842
9789
9658
10061
8253
7081
3770
3498
4168
2550
4427
3694
4964
3791
3631
4863
8266
4779
13693
2730
4805
11670
11668
9828
14440
4380
2816
2677
2469
4810
13109
9100
9598
5032
4886
4775
4700
12535
10126
10106
9129
8821
9266
6111
8938
9186
4326
5102
6453
12510
11332
10107
9539
9339
8313
4007
2247
2275
3992
9072
8267
9910
8974
5117
4772
4250
10327
9818
8763
10908
8964
9836
9185
10308
9235
5336
5082
3668
3628
3663
2781
4264
1311
5695
2286
4633
4059
9478
10123
11260
10857
8882
8747
9795
8905
4303
3851
9486
9037
13776
10841
10315
10140
2143
4225
8524
8052
9549
12660
2209
3196
4917
9147
11218
11507
11079
9158
9487
10129
12566
4000
2724
9660
9650
8601
12303
8799
9997
4668
2748
10378
3195
8783
8991
9550
10856
8752
2375
4209
4854
9311
9440
10959
10429
12379
8839
9035
11022
11297
5904
5430
6641
9528
9614
11834
6020
12807
4467
4739
10698
4504
6505
14984
4947
4112
3883
4931
10182
12209
9903
4635
5659
2945
5144
2841
9956
2972
6271
4683
5558
2696
4884
4443
9876
4267
6003
2790
2847
11748
8566
11403
4571
2714
9952
4474
10310
3370
8738
4605
15441
12473
4746
12965
16121
9733
8999
7404
5981
2976
9939
4420
3042
9096
164540
6709
4975
7490
3491
11226
4982
208501
2738
1364
15446
573918
1347
173861
10095
9961
10647
8197
10655
2836
15977
16934
10251
10751
4576
2182
4100
9558
11731
9314
4297
4059
11448
4317
9305
10232
18814
7991
10182
10269
4729
2208
3728
30353
10017
7958
11330
2696
9421
17562
4388
4429
2822
10173
10173
4742
2196
7533
8824
7977
11525
7661
6527
11743
6216
11652
12548
10644
9105
10203
10215
10173
10266
2243
7436
7414
3243
9547
4284
7475
2784
144673
376207
3880
107836
19272
7329
10101
10519
6612
12639
9096
12568
6712
7746
12923
7085
12896
11094
152388
6640
8630
8882
7091
12450
7949
12404
1228
3635
8518
17067
8335
10293
10129
10884
3134
9506
7615
9748
10050
7903
9136
9111
5953
6725
3170
7429
10897
13970
9555
5060
5014
11025
4877
9834
4752
73882
13200
1374
5052
5269
7979
7326
5845
5945
7253
115042
15456
5979
7458
8696
8372
8468
5225
395405
35555
13389
10370
204234
11501
4196
350724
10616
7398
10000
15098
10493
5879
19471
11912
6656
12158
12008
18748
12171
10937
9580
11879
15596
12604
12061
7066
4562
18464
11450
12957
1707
12259
12259
9760
5070
11978
11528
13209
4240
12599
8399
12310
12265
11696
147346
12409
29642
12587
11728
11974
10863
13104
11322
12003
13205
6386
19261
12239
15721
17833
11422
13070
4981
10853
13141
11181
18208
13294
13155
11910
11397
12106
11355
10966
8019
3720
11927
13784
12403
1844
13593
11731
10941
12187
7299
3135
12132
13695
11478
11290
12536
11797
11457
13189
1022
176081
56776
39639
165178
1017
172733
178182
164302
80148
80798
44974
123475
40214
168401
967
39552
47020
36712
41486
90000
87999
161239
168402
41290
45532
38243
47020
39014
42158
38663
9864
1169
38243
9400
3256
21004
3316
7660
105541
12312
29923
34190
33356
2971
8349
35436
2886
36391
36303
32735
207914
36493
35032
3701
9428
33945
3383
8541
6958
6176
8216
1902
27682
6347
9445
28487
2572
3510
5819
14964
20414
3420
2389
5921
13766
2968
9176
11470
9126
167212
1819
2857
2119
5877
10646
2100
2709
10867
6363
2230
2199
5898
2105
3367
11503
13297
9968
9324
6363
2211
72825
75147
3024
8612
2059
2745
8080
7476
1971
127941
5533
9691
1942
5144
2653
7676
7462
7279
35030
11775
12886
2343
8703
1928
7582
6295
5183
9962
3387
25995
3925
2185
1908
7996
1689
12031
7480
59866
62706
12614
5889
5189
8130
2749
200223
8218
7194
5772
10152
32399
10187
3278
9384
2784
11900
3081
17031
5898
204055
18848
2629
2746
11092
10232
9426
5911
5850
7600
9780
4832
6930
12102
2204
2560
131704
6564
6339
2611
8178
23307
18380
13137
7380
7627
14009
4638
5176
6203
304
142973
176688
7964
8681
11851
30618
2113
10874
8899
9006
191983
10735
7018
5190
10869
11931
29812
5370
4268
4035
10808
8910
8957
8914
7366
8884
5050
4564
4662
9570
8852
8497
9590
2585
1873
8916
24592
18555
5224
4528
171823
4676
42127
42399
42564
37553
40564
41803
43552
43698
41987
44705
43444
40866
30692
27302
30674
30778
30961
31945
30862
28349
28785
28811
29026
30811
30882
31033
31181
31375
31379
31495
31901
32150
32270
32682
28983
30116
216628
223270
196841
58371
57123
57248
174670
175557
175559
154990
172874
138339
137031
145647
141018
148564
148481
148243
147590
145542
140218
140906
139750
141028
171216
197450
55391
14954
53171
50364
109270
46450
111688
74997
58899
51889
55600
52169
51381
50486
109086
57278
51426
61147
50988
57701
51702
51083
59749
31200
252197
50965
51160
76174
18379
48963
51813
37374
55363
49228
154371
162598
43804
42542
32582
32023
31772
32384
53972
61567
51500
50645
49186
43827
43444
80617
58866
51235
64900
56224
58326
57849
55023
50348
43665
42787
65270
49492
7965
68964
46318
43180
50773
45035
70120
41510
55601
56147
42409
151419
55073
135279
135764
44541
55307
40525
168733
160570
59407
43865
108418
36745
38731
65994
56990
69837
70766
47575
36499
37994
38261
35203
103737
135400
39210
52494
66158
80297
85138
135391
44539
43872
75586
41960
40448
88308
18838
79099
41310
50298
49628
46723
37809
93191
44861
139100
378379
61580
62822
58951
32813
103218
158136
43478
47881
234900
42282
73787
40556
7190
7929
60497
38890
49822
50605
43223
50740
139681
30745
30556
45260
36278
44558
53622
181570
234670
149813
51743
40765
177907
52738
43977
44163
40395
41283
39631
32826
134973
149312
49658
58390
60190
56168
35284
37219
35948
37429
38067
38555
52732
41077
40291
41841
58608
134073
43557
40605
41697
41335
147443
26054
5538
42292
42765
123490
44623
51099
47405
60526
56439
59346
157034
54893
50552
78145
51606
53263
57155
66182
42641
91212
18023
112523
59024
92338
39790
35209
69396
40493
53333
37817
38411
39522
40785
70912
72321
53018
41152
76350
279845
155053
40551
40751
49531
50864
84303
118537
165213
41116
40163
44793
40995
44609
41402
41642
43121
42042
42771
57647
156430
44018
44966
39300
37775
46717
44094
44234
43922
239276
6068
6039
6068
6065
6259
6071
6051
18546
55094
18275
259700
43211
35100
33540
39906
357154
50800
60362
47703
168188
170254
77874
44245
84419
87709
45415
107262
125658
132949
62054
60550
128179
27203
43516
5688
34730
54836
50339
60300
54319
41289
50526
144974
130138
139928
188427
49879
49419
51027
50909
61818
61292
164706
129454
21684
40214
40491
43075
42601
44389
43336
44183
43707
43374
42830
44371
60005
58353
59173
75380
58159
58279
57899
29339
29443
29377
29491
29255
29412
29511
29511
29264
29264
29442
63513
57081
58619
67592
76268
44194
63560
20222
69409
45888
27206
60616
21054
40409
87646
49088
56663
45580
80228
83724
39693
273501
271182
271088
273224
54312
89596
84694
88531
175814
176055
43851
44262
51094
53278
50332
67324
52298
61164
75973
59794
59315
170496
53092
38670
41546
42633
155286
278136
50564
37287
171175
156281
7648
91159
30413
45373
40469
61318
49797
62236
76315
60321
61882
61208
46854
48699
70707
58247
40353
39122
44045
61761
46484
61594
58150
76075
60934
47631
40879
40598
41608
41208
41514
110901
19105
45385
9174
25032
26061
55735
131976
131086
133486
133047
133710
204930
120295
60746
229920
44597
59100
49090
59087
40048
39064
39216
276025
45423
45175
490380
49808
50930
56076
47612
45389
48262
47647
87570
235108
162415
58387
43012
49807
45428
50774
59947
56418
57789
54655
54513
41712
41081
41598
42351
27595
60030
131366
39699
142072
42953
74491
28643
28625
42481
45159
43015
28765
59646
51308
51578
52213
74914
51339
56719
58714
60835
57198
65100
71547
70428
71092
47780
17602
50877
34638
126504
44024
47624
44601
117842
47136
19089
77031
166283
44638
139262
94005
145162
42518
47760
70373
147659
43060
49578
159323
44260
60237
46732
56827
57437
51017
50552
47318
56125
38209
42439
42167
154938
101660
18753
19366
38202
46486
43619
45962
138035
136589
136468
35985
67277
49562
50727
70265
92816
43679
39215
241654
68999
31106
42925
48448
5278
12739
12187
958
12217
12461
104372
10260
66037
4245
831
10812
9388
10633
2685
1339
137452
3029
3059
603
12247
3075
12099
21614
3623
174
73200
59673
6165
2577
913
1308
780
5572
8895
8973
12618
12230
16236
15342
16050
15462
15377
15516
15522
13350
15140
15222
11287
13170
5314
1638
13038
13106
10881
6552
14409
12790
12486
12624
5346
2850
11891
16088
12659
12674
11092
6612
11135
11162
11121
11271
11068
17111
15411
15264
15368
30148
30111
26487
25423
27318
20795
20307
12189
9654
10967
7245
7782
8201
7372
8530
7394
7399
7367
7295
7441
7134
7208
6944
7570
7406
7563
7399
2086
7555
7272
7746
6855
6964
7339
8748
6067
3082
229
9905
788
9431
3860
1120
1040
5216
1389
3030
9072
1408
276
560
2917
8255
7566
852
3897
1093
6463
659
688
1114
994
1379
6532
1276
43810
34185
571
29474
2724
2559
33501
2448
3434
3229
3064
3193
3312
3234
3153
3301
3246
3669
2887
2871
2912
2199
2019
2002
2454
3208
3198
3197
3223
3187
3175
3198
3187
3230
3223
3257
2899
10528
10559
198157
199721
3990
3179
3974
3371
3874
3179
2403
5083
4239
137998
1182
131557
107439
1241
5657
175357
12567
7203
13221
7120
7609
1795
7444
5348
1862
1760
2094
1880
1944
2069
1935
1699
1771
1741
1818
1688
2379
1746
1760
1844
1809
1923
1916
1838
1838
1760
1750
1742
1761
1757
1764
1843
1759
1723
1740
1867
1780
1794
1795
1856
1710
14861
10545
10557
13387
16883
16274
14618
14027
14714
14072
14817
10182
1011
1011
1011
1011
1035
1035
10376
5697
10254
1011
1011
9531
9143
9599
9187
8883
9687
9609
9188
8880
10479
10465
10767
9538
9777
2629
2621
2626
2754
2788
2615
2761
2728
5573
2765
2760
2767
2749
2740
2652
2751
2609
2738
2753
2762
5244
2687
2600
2632
2603
2664
2666
2605
2771
2764
2803
2618
2638
2630
2617
2735
2739
2758
2747
2645
2602
2744
2832
2557
2200
2193
2237
2145
2190
2191
2250
2172
2250
2205
2230
2155
2185
2140
2209
2237
2233
2109
2202
2310
2153
1998
2220
2217
3278
6965
5602
6867
103531
1392
4625
1260
600
612
380011
7510
12374
5507
8017
7344
7574
7668
7531
7899
7891
7238
7202
7225
7227
7622
8249
12307
7519
5050
4441
4615
5263
5438
4786
5267
4395
4986
5342
5049
5205
4822
4929
5114
5444
5249
325885
692
173351
719
274792
279
5040
5019
5187
266743
5058
5371
5067
1726
8163
2413
1815
8208
1867
1772
1298
1888
1719
1306
2325
1754
1720
1675
1720
1642
1719
9455
1707
8651
1140
1989
1625
1605
1590
1147
1439
1724
1645
1540
1548
1591
1622
1685
1560
2646
1103
1512
1934
3414
1625
1612
2316
10308
1711
9731
1635
581
296
157235
23913
19093
19452
19304
19247
18894
19428
1236
18117
24042
19015
7472
3213
23405
23317
266
3603
3740
1248
997
9100
796
16341
11385
11395
11391
11344
11494
11530
1004
381
1362
1371
1359
1262
1350
1350
1333
1359
1359
1338
1377
1346
1342
1371
1334
1337
687
677
686
731
685
694
2088
1231
1238
1194
2159
12035
4590
4587
4619
4944
1245
5800
1415
43895
5316
56612
14098
18232
41873
51092
18044
11202
13166
11967
991
1022
12102
12024
12866
12095
12123
12497
11202
12426
9932
1806
3006
20167
3671
1953
4549
4204
1311
221505
6336
3107
348801
5035
191406
161742
6503
7979
3111
870
787103
505846
9951
16570
9576
15192
5246
4901
50864
6483
7637
9238
12497
4131
3754
9164
11559
14304
11581
10925
4438
14146
14744
11289
5108
11470
12822
16230
16580
5255
5069
5320
5193
5192
5151
5103
5186
5095
9749
4012
1401
12800
11452
3747
3645
1928
3893
3690
3649
3673
3711
4798
4528
4516
2325
3346
4695
1607
3075
4529
13706
10800
7395
5110
13468
11465
8431
12052
11964
1927
3811
3453
293123
6861
9283
6692
9130
4990
2873
2255
648
18222
20106
13149
3453
11449
16916
16794
4819
5994
1473473
39318
171911
39195
6125
9693
142925
13628
11870
6000
13262
13514
9500
7507
181035
2571
2581
2892
5100
5656
2194
1811
7502
7392
7676
7836
7682
2974
2740
2963
2798
32392
29950
30446
29513
39902
59779
62008
60332
60152
56335
261365
113299
111671
111671
41730
87575
90092
166002
168112
121986
120622
29953
29203
30072
30945
29557
29668
30339
31049
30247
66291
66789
65847
279696
40142
106185
40657
96542
43891
44784
42686
16523
44829
54867
77354
43779
43886
43940
67383
67743
66392
44408
42475
59128
104329
45814
112225
67498
47868
48659
39919
111103
41567
158639
78891
50316
44895
145759
45221
45177
46094
159631
157281
161502
23219
47820
87196
44603
42551
41872
42890
128241
128602
84916
87609
272457
50249
38576
41593
40945
170764
237722
61716
49573
48211
34075
36636
54286
54725
58391
39485
42276
39778
40611
40035
37880
41489
45495
81076
41820
17603
44349
76889
75687
45909
57159
50832
40923
45936
74895
41651
39482
59214
76008
68869
127084
56341
141124
79221
139450
38823
45058
51793
58842
57036
52034
40366
41934
41525
9577
2580
2580
28586
132454
2218
5873
3968
762
1313
3035
615
681
3249
3313
3842
2756
2108
6396
12588
4605
2755
2753
2804
2778
2765
2747
2748
5378
2659
2755
2622
2634
2781
2745
2756
2769
2764
584
7931
7852
7324
3677
93848
3311
2360
9281
1777
1603
1646
1832
4607
1479
1686
2428
2473
1329
24893
1353
1351
1367
1358
1348
1350
1305
5192
5228
5108
13669
1221
4533
19741
58139
955
14904
5544
13373
549
11648
76041
76621
59097
43036
157665
53812
35099
41135
78646
156801
43184
51083
354378
39034
38390
40692
40075
51811
37707
38287
58338
58058
11941
5996
5985
14409
41832
66095
73679
52233
53325
56867
39640
53317
39403
43511
51372
39307
52601
51690
61437
10584
39752
37655
58230
44530
43193
49728
15010
51894
55178
60031
52856
40847
164037
76335
57734
60143
61535
38421
45135
142975
39964
57737
51904
57455
52394
5836
1100
1370
1306
1093
2744
9100
1361
1021
1000
1391
5189
9560
7264
2758
2746
11276
5234
8881
2609
2590
2629
2607
2638
2767
1370
1359
1300
2731
8178
5456
8327
2759
5367
5254
2807
5277
9448
2767
7702
7438
5235
7805
2601
5348
2813
1367
2751
7333
1010
996
1022
1009
1003
1354
5480
8259
1096
2739
10950
9702
12513
41297
51818
18510
17427
17454
10219
10317
9326
10507
10646
8804
8810
15444
15180
14926
14931
15017
10843
13296
11649
12118
13220
11954
13072
12957
12983
12212
11681
12256
11717
11764
40930
182362
180365
172051
193886
191058
184368
182906
189333
186528
190773
185689
190324
192714
187612
184638
1900
107772
606
7688
7137
7497
7704
7339
7773
7409
5076
3873
5407
5038
4995
4832
4822
5515
4909
4456
4281
5105
5148
5172
5284
2600
2609
2609
2575
2580
2408
2459
2460
2471
2459
2565
2516
2582
2575
2609
2640
2601
2403
8802
8621
11675
9787
1376
1367
1379
1385
1369
2600
1377
1356
1398
1401
1360
1384
12298
149229
17451
17362
160766
112558
115739
333
12822
182284
171719
181185
190584
42932
42082
11700
62020
61808
56515
7268
3006
43337
44205
61564
11272
46644
45779
46585
45756
42250
50354
50048
40934
40484
61939
40552
74509
39699
57034
57797
54356
57742
40822
40789
40836
42696
115154
31914
42739
167467
167298
15107
2753
8249
44549
40635
41161
40540
40337
21439
2475
53287
51745
49808
38684
61769
53912
61670
41793
62312
59815
54685
46133
58074
52935
97757
54065
101665
7732
40578
58279
40184
2077288
2003191
1838258
6519
6233
127879
5744
10252
8448
3482
3253
3960
1413
156585
39628
43416
30132
29454
158143
39824
49788
56708
55572
54148
54189
67118
46807
43758
47921
53549
54118
150925
266532
49372
59572
74675
59111
59549
74830
61382
40914
50403
229335
146698
111607
111601
109096
76466
72674
53197
51889
51543
50672
44696
41157
38032
35883
51527
50505
39883
59540
58297
55727
17450
51428
72821
38821
53123
51672
17349
112582
110926
110664
111999
110091
116832
110926
111447
112564
60494
157013
39906
76918
176495
244950
125726
17961
57448
53483
43950
60430
40833
52195
130473
51265
51486
17452
133886
63874
133007
52960
70183
50210
50535
57001
133195
53058
131909
52992
57955
90490
153266
30930
44526
43504
39747
42735
49292
43126
40769
37947
38675
38526
165975
40387
45477
32529
30690
32895
28721
30401
30989
27948
32457
30926
32555
31819
30852
31014
31883
28917
31123
31508
29306
26874
48288
47866
58731
69471
67234
68389
43077
41969
42248
10313
20430
14123
14714
28224
43237
43571
37311
147890
51703
44333
46888
50827
41706
59925
44205
58301
59482
57754
58962
55767
57526
58604
102679
57555
58098
61395
129015
55668
58701
53350
58009
53085
58078
43099
112106
49344
50132
49468
220934
308141
322272
317488
181082
99607
33893
24480
19043
66189
40131
253323
261658
41344
44364
40441
43686
40729
40651
42818
109474
58476
114274
39382
45185
49665
43184
19046
157630
154811
32014
41775
57861
61703
44609
131250
41394
69867
40060
166560
40725
149506
68472
103628
104354
42330
54473
17491
31978
255356
39266
39551
71020
69448
102789
42067
38396
56214
41752
42311
58106
25722
58569
7556
7536
7567
137973
140527
58197
104410
152770
48195
9151
11940
23832
9060
10463
11774
9707
13559
9591
10398
58072
114275
39928
43113
43706
42577
41165
69660
43440
58423
44103
43206
38802
38317
38449
159398
58528
70408
75929
19679
42363
19428
60311
59093
57312
57472
57973
40721
59306
158485
6635
2212
8112
2692
2777
2246
2336
1805
3533
2112
1899
2927
9585
4146
7567
3161
3173
44716
7743
40907
40163
72362
2270
2213
2199
2494
2176
1889
2290
2040
1860
2125
2127
1986
2010
2103
2321
2244
2546
3226
1991
1905
2054
1995
1997
1937
1769
2232
2093
2174
2125
2205
2123
2142
2134
2188
2309
2826
6357
4662
4892
5004
5360
5398
5497
6434
5312
2220
2156
2152
2222
2734
2277
59715
46074
39688
139069
32477
32575
17700
39648
145127
37152
111851
41823
42042
41126
40539
45803
52522
43310
44013
43402
43825
43724
58079
52528
49601
75880
72290
72305
44168
71915
71992
235886
49861
31324
38091
8968
6310
5909
5907
4026
33041
31194
40236
41219
41059
39179
3028
37583
15111
31335
15307
20398
19867
28675
25960
7396
41178
872
772
502
795
808
795
795
30741
20457
12804
26662
2218
1955
50910
30791
142567
39767
39793
51170
40348
83219
44251
43496
43850
36776
70030
53215
128338
40886
49106
168223
65905
38820
59047
2046
1805
2055
3156
1587
9613
11677
8101
10645
12897
3182
12422
6677
16396
7896
8295
3721
19889
3223
4297
8589
12008
16046
11464
10405
15084
7956
6595
25028
3460
17637
4232
18088
11619
8324
10762
20079
3694
11305
11489
10616
7497
17905
18537
4369
20346
8026
14447
10351
3722
18977
11885
10992
18489
2895
4911
4982
4979
5252
4939
5327
4660
4844
5082
5160
5941
4671
12940
11413
4586
10794
3356
3394
3423
3478
3443
3333
3433
3408
3412
3411
2445
8963
11230
2942
2445
1931
1989
1712
1991
1760
2203
1740
2029
1913
1919
1890
1639
2046
2016
1914
2085
5068
2197
7863
7342
6252
11798
11713
6219
4696
7624
12774
9552
4857
2602
10744
7869
11798
5228
5515
5456
10311
20949
15224
7373
8145
112307
9503
183261
7726
6453
6244
2757
2843
130190
10663
5206
5215
5249
5016
5082
4962
147790
5397
5491
2077
15954
5323
19936
6001
10804
158250
10280
7106
2746
8838
165695
1702
10198
11699
8138
11919
8051
14663
2730
166744
7496
6453
8192
1361
7446
3433
2689
2561
2538
2536
2505
2379
9811
8071
5890
7257
7191
7251
7255
7226
7350
7270
7282
7328
4993
119054
7131
7167
7119
6994
7173
6985
7215
1881
2716
4880
4726
5038
27952
7475
1252
619
1264
1259
11336
21527
19273
155555
8806
6373
3967
8536
7967
7106
7679
8620
6208
8625
8682
15205
7285
12624
3243
3394
3387
3389
4947
8890
3687
8620
3999
6310
6303
7658
2812
7390
4825
5034
2568
9226
6818
7864
3743
5338
5018
5234
9784
2470
1877
2004
2758
2957
2707
12895
1899
7644
5541
7876
8051
7424
1778
7312
35906
9828
15763
7372
8139
1134
2747
2945
2748
7456
4978
11170
15322
9002
6278
6052
1900
5422
10558
10304
9698
10319
9671
2635
5414
2055
2209
2083
46189
507
501
17320
8225
8300
6735
3187
7188
9437
8809
9952
2394
6060
2458
2296
2070
2293
2197
17160
16996
4743
17141
7107
5839
7126
5281
10910
10836
4442
11291
8390
4554
4382
3554
3601
7408
7935
7292
1706
12313
9214
3406
1711
2886
8974
27180
26357
26865
46553
110377
58899
66086
60218
62558
61343
55119
61830
41024
112496
59878
60188
155297
50414
113760
18742
61073
58666
50181
51737
62293
52843
58397
36213
41578
41267
76485
55829
74710
7521
46195
46503
9944
9296
9368
17034
16159
39695
49427
39536
72217
32448
54611
42430
41988
60228
54579
52018
61276
88403
43264
59833
43446
32302
39086
75687
44842
58930
53970
55422
60989
57703
48424
91510
237307
45424
159862
43264
223950
38322
39642
43630
110964
263735
6714
2740
2739
8970
7656
5084
9321
8648
119997
3010
1589
8300
2598
11599
5128
1641
3182
113971
148482
2782
9660
3174
7009
7102
9560
9646
11774
17940
17220
8638
8843
8496
7400
12270
12004
12058
11980
12461
12367
12611
12730
12532
12559
12190
12270
12094
12298
12388
12332
12252
12309
12467
12329
12052
11481
12726
12294
12283
12675
9720
12453
12547
12422
12430
12448
10460
12348
12629
12279
12235
10454
10543
13085
8887
10929
12251
10242
10899
151671
40599
122563
42291
41912
53965
40058
18737
18818
18286
17966
18186
17927
18136
18415
44851
276734
41824
47175
8593
80732
50381
52364
54307
50187
45680
52656
34141
33839
262653
158607
2364
11968
49952
82744
81920
80342
84608
80361
114080
43029
66220
18281
62853
68621
145400
61600
71283
72472
151194
120120
32312
31373
65415
65737
146618
51739
58758
39309
136442
140816
136608
12690
12646
12162
3864
14504
12111
46835
47116
144685
122963
47229
273933
168532
62668
54396
41670
53932
50678
76261
44381
42396
42846
45644
56714
52438
49990
49935
101384
61250
97408
97988
238099
73168
20083
166487
242446
221431
43143
60899
61219
61248
45751
44104
27548
50513
48201
43943
53442
77394
49660
57306
55945
7551
7637
7543
161583
42562
49516
53981
158755
49890
110466
52380
70678
109654
50782
51854
49916
50241
49935
49045
53494
52329
157741
115893
138690
124278
102915
76239
68745
54438
52866
51487
50713
51780
152926
156329
114855
31123
30164
107763
75873
57805
65690
111039
75239
111636
7677
7693
7419
7734
114986
62716
147321
61544
7525
74704
18212
5174
59132
59106
49604
60757
50415
62192
45507
44739
44998
77566
67785
59969
61772
67813
61222
77876
67485
68762
112513
66892
60975
58397
54857
44877
53392
71552
61464
60978
59727
51576
47844
108640
167547
159961
56726
159365
110775
47407
31834
66657
63971
57909
55829
58536
160795
50309
43091
56734
33807
44219
38850
77514
17426
57666
57663
56502
52145
58027
59268
56275
18466
18932
53793
70992
16747
31050
123023
28396
32697
51163
60278
59357
58150
52539
49075
61623
54687
52220
71538
55189
60531
51223
51482
59478
68155
58824
59268
60205
59761
58844
17385
224680
12769
166210
30831
30162
27642
29652
29218
32651
29340
29925
25327
237509
148842
69061
49316
165927
164746
148180
59934
157458
75764
50168
29903
49835
48783
52955
70668
69897
34751
34711
38028
39262
39039
43236
38268
38385
38527
38501
38134
38214
39365
38502
40542
36912
167922
57346
49477
58573
92122
165151
166330
58931
48916
20784
31118
46660
51662
147009
149335
50732
51154
51643
52092
49530
48613
50971
146307
151514
144998
51627
51012
51277
150473
51111
150947
50709
174924
7839
158892
160400
54417
158087
92760
45385
18899
18635
57567
29075
56391
77221
60222
58678
61027
158706
118452
33851
90710
116606
118118
119416
121040
46623
53692
52018
48399
156801
151015
11569
114059
157920
112477
52767
109539
157254
112117
144232
159128
109372
113503
158905
112006
51048
52464
156130
110183
158230
143249
65680
65797
65629
56147
64096
65852
66295
60746
4526
54982
27754
27464
26766
15275
31393
27102
25984
30742
18239
15301
18410
13162
14939
29408
30859
28975
28124
28537
143800
44651
54442
58368
17049
57731
62153
62067
51040
61736
52581
53145
65554
56163
59618
49043
21772
55149
44904
73623
53311
40298
46561
43089
43746
58928
17510
41278
42382
40580
17442
54814
59078
65918
44033
60727
60924
59168
151202
83412
82356
52935
58176
57430
61945
51854
83601
51468
54974
55471
57984
57599
57356
77086
44938
53771
42452
61382
147702
52265
58618
57693
58166
43707
59837
58922
52849
43603
55006
59210
43366
58852
58526
58529
58344
60438
58971
58872
11987
11947
40466
41308
40242
18168
175206
34080
40525
50865
58916
