2419810
2343695
11572602
2699992
30842693
9527324
2767003
7803545
2318247
5957607
8358011
5092770
22500624
18141791
3373755
10258541
3776715
39647671
14093866
21895019
3639972
1648560
11715270
6032540
8056233
7508865
41677154
3433911
4202282
16874224
26450109
2459887
3831393
3159619
4690440
6501876
4496700
15838179
3536728
26076223
18353226
4477006
9009726
10595086
6130659
7699794
19530859
8257777
8215831
6455899
3148328
4073393
1293466
6923508
8059033
7090810
8342060
2329321
2986988
7319786
15434613
4322860
7056062
4956833
3648704
4427846
31386856
2393354
4733251
7049225
7223578
7896386
9575105
6777118
4341943
5029375
11314185
3817284
6746018
6980356
9881611
1396332
17748196
34180585
9650729
3879019
1756879
6939591
9258630
11429255
7148069
20794278
44971521
4812553
8431897
10226983
1195682
2617093
8908767
13154648
9525321
7277414
4577550
3955085
5207924
9042789
5346884
6145310
1590295
7593228
3736968
16300778
4557434
16420424
39080411
7699389
6663726
7596664
6451505
3773331
5214384
8954798
5788680
7794279
7290720
10602161
5746972
71785238
17259144
1193057
7746902
8872912
26036648
4339782
