1733915
700972
4057129
1533873
17310114
5557841
1658587
5402300
1405412
4111780
4066030
3004349
8741280
8608465
1760305
3339286
1624835
11435912
1397347
24434349
2249486
1202361
5317384
2661462
4735422
4377591
18235541
2139815
2804269
12943384
15007599
1372951
5342721
1911032
2218362
5425381
2790589
9843113
1671031
13940751
11974350
1360620
2689265
4993478
3933079
4812801
9880597
6380657
4803643
3878701
1791136
2383369
812378
3614796
3366403
2391963
5777413
1444610
3510123
3310634
4701047
1944426
3781723
3140020
2353612
2505658
14459783
521030
2803040
3865817
3925562
4662558
5384646
3723034
2541393
2411344
6434527
2097933
1112171
2850929
2870346
958037
8764573
11499132
2598130
2153512
1348332
1944361
3298946
2640345
4776913
11426246
15275042
2396923
4172127
3142301
791296
1583451
4206095
7939113
3058927
3352578
2387387
2095232
3152916
3452606
3039808
3941953
543334
2169393
1977047
5212188
2703161
9498533
13829483
3941057
4199181
2583415
4462130
1802823
2575822
5259565
2431800
3071005
3965979
5753074
3080862
39958847
8375373
466259
5247723
5670042
6355446
2600732
