155176
155996
151894
157729
137991
158436
158630
166235
157585
155202
158565
161032
154550
154835
154686
154265
154761
154717
154702
156640
154674
154621
154092
154668
160134
138494
161741
158599
158924
159102
159219
124114
137693
166329
137999
141905
136836
137950
137939
137857
137708
137458
159574
141943
141956
141939
141425
136008
137680
138492
157553
154565
137931
165105
121226
163108
150913
154755
161473
159530
167419
162456
148751
153870
153128
150998
153264
155282
152939
161621
153637
154155
152295
152094
155302
153648
158232
157956
159047
158487
158157
158171
157606
163043
121296
160984
155703
159162
153006
98076
160452
159615
141281
141205
141231
141271
141226
141276
155943
141336
141249
141316
141145
141257
140803
141319
141269
141265
141247
141242
104427
141336
141231
141250
141227
141295
141294
141251
257347
140978
141197
141179
141205
141182
141156
141161
141212
141346
141274
141300
141347
141355
158613
160122
157204
156057
155649
266708
155351
155883
156259
155981
155287
156891
156369
156165
155754
156908
156918
156414
155011
156423
157262
156258
156299
199742
156126
154936
156700
156213
155944
157199
157029
156174
156613
156598
156642
155687
155699
323047
155965
157006
156592
156029
156219
157430
157534
156828
157325
156746
156165
156576
167553
158333
161002
139344
159012
155703
151528
174667
155867
206004
163569
142426
162155
162179
123909
126898
156757
160290
158069
159988
160271
158351
156572
164803
162678
164173
155787
155274
153872
154123
153570
153236
153402
153645
153216
164887
152546
153416
153367
155000
159548
155328
154593
156685
162036
162199
156462
164821
162618
161030
153008
156919
157069
157050
157605
159242
162088
150539
164744
157593
153952
158640
153914
165495
151618
160584
159959
155943
156265
150657
156081
153693
153718
153876
153696
159422
156715
163296
152430
156508
155495
162621
151504
165057
163298
126102
154932
154064
161882
155197
157145
157452
149208
154720
158356
158535
119588
120366
123383
162518
156384
163786
158346
30003
158937
132075
173640
158420
156565
153400
161256
156957
160680
157546
34665
160520
159105
166279
158946
189805
136796
161896
160667
160799
164176
155080
152960
162416
155616
73672
141499
156674
169765
159009
159236
138134
154301
156417
158619
123780
155938
160245
164900
159234
158199
156960
158685
157914
157688
158399
198547
159197
154590
126711
160145
158015
149081
155410
154540
158747
126615
154598
154229
160720
160644
160643
154231
153607
159364
159368
158869
158896
158248
158327
153398
158911
157945
141671
157627
170754
154153
122397
148948
164617
172179
153917
204490
143167
154167
154296
154316
154256
170407
166561
164847
153973
163031
143202
138651
154711
157959
154446
151780
160522
160689
115725
159454
121090
155967
160617
160601
160646
160692
160565
160612
160466
160547
158433
160492
165237
155934
141787
120853
157279
153180
160279
154079
160597
160460
162186
122174
155864
162051
161936
161015
154021
163362
149912
121304
160528
160367
160489
162545
160476
160624
160703
160122
154231
162866
120873
120670
147801
153241
150669
177743
31091
140970
163266
162169
151650
162201
162345
158800
150963
157854
110115
177080
166813
124036
160595
154279
155052
155104
155081
154003
111013
126264
160902
151179
87873
97262
154466
155651
161916
99685
153137
98385
115258
155826
167044
153361
152885
152853
156427
162699
163729
165846
164780
152971
176468
161003
176830
160122
162780
163398
161335
159323
158484
155417
160598
163751
155873
160810
154773
106456
157698
154161
165194
154367
154337
177068
167567
126209
160962
156201
161392
177004
177077
157628
161972
154395
168709
153699
158990
153936
124443
162118
160620
153562
146871
166804
161639
176938
165708
178816
160807
153359
154941
183679
165964
161256
161596
161529
161911
157880
155769
162114
187302
153901
38001
167506
159119
198384
136246
158517
72623
143028
161951
157916
162189
163878
158617
167045
193476
119900
136273
137192
70966
137353
121262
123103
203373
160521
35496
152666
226768
167248
11575
70089
15447
220732
157051
162673
162691
157186
158946
118905
130492
138355
138241
142572
162384
142190
162933
154371
157133
154225
155886
74314
159058
152459
156488
152225
156521
156740
161621
157108
156238
156737
155668
157205
155263
154629
156161
136287
118714
137613
156623
159808
154582
150472
161058
165507
197583
123099
87888
164131
86415
137031
156595
158271
127000
155802
168084
167882
162158
109417
166928
165471
163532
156593
164414
133521
152389
153722
121287
140622
161426
161675
136955
199067
126944
156015
35606
116843
119255
116412
110948
124224
102938
81279
116023
165963
73557
132892
161994
121738
156904
90789
95590
158682
141151
125609
137811
145643
141204
142565
155408
141769
154778
159106
163239
158706
78750
163650
153218
157298
140208
122592
123753
148380
142251
161954
160505
154346
86670
152519
145020
527747
151939
157784
132502
111037
157798
130453
120848
108525
162200
159820
135036
162871
155215
147179
35260
143637
161258
59990
118459
177986
155475
155330
122001
119148
118509
156347
118765
117994
118352
157708
162329
163267
120560
157892
126196
165303
157884
154661
157964
152645
157918
152633
185109
141477
141488
141505
141662
141297
155432
141276
161727
171517
170875
164783
141424
158035
161980
157873
124061
159240
155472
93268
158706
138316
141517
138066
153536
153595
149105
153692
99630
126609
136301
125756
159007
272468
154828
148110
158996
150886
136284
155289
154381
206444
143026
136231
161986
143023
186260
158328
156363
157293
155260
106686
152557
155797
157954
150909
154732
157949
157760
40147
194413
162366
139166
157378
154175
158799
156894
162444
162398
162380
162502
148989
162294
162024
131485
131487
68531
178306
116494
159127
75764
152990
163373
148830
155936
154941
164517
122115
133467
140067
161696
164578
152939
129330
148827
140735
134985
163991
157897
159863
160245
159895
96531
159294
167520
160562
153282
225424
162198
155178
153025
182404
137019
134882
137039
136922
156496
138227
273288
122005
158524
153644
136080
104005
157611
157629
132254
181287
137971
159337
198118
143913
166586
168087
157575
136340
158324
162480
157660
137092
116515
121295
123104
133117
154075
158951
154719
136794
158719
151650
157331
134319
156978
193723
158378
159287
154366
136197
155014
154505
154798
154607
154773
153583
119013
116399
119109
135624
159024
119362
157483
137406
136876
137630
162608
160379
160315
163920
162439
153008
164166
159752
162696
154904
163000
155641
163319
162915
154473
153011
155610
155334
159459
161326
154936
163144
136599
27628
167189
167490
195501
153005
156537
156933
156747
155058
165260
184870
162012
162063
162088
152970
161494
162128
162158
162103
223201
168930
104086
191381
195694
46306
195248
167884
210189
153027
154544
155013
152154
151884
151788
141630
140080
159263
73614
72534
152982
158532
137085
159581
158709
195387
68378
35854
138961
154410
157514
158241
153005
181307
151683
152079
152089
152086
158639
152070
152209
152227
152119
151695
153008
141421
125192
157972
159019
148412
118805
157545
157432
193914
176988
153656
182155
196658
158898
141010
142258
141946
142524
154164
157447
137491
161562
135471
137119
137205
140293
137063
134617
125679
188017
163528
149689
153136
161474
163636
158839
154565
161164
159068
159245
159729
159202
158382
161869
161686
161773
159190
160531
127887
160992
159067
159944
159734
161128
160424
159544
162204
161055
160493
165328
157303
156018
156327
155786
160694
160774
160185
162308
160901
161794
132608
160545
159899
159383
158872
158752
168386
156745
161088
158884
162611
168780
168902
158480
159958
158900
136158
162095
158086
157468
158692
204300
158857
158995
85664
159053
153067
159078
158828
159916
154832
158923
164510
162183
163811
141879
166910
156274
155125
80499
160740
153023
158208
105192
136859
163543
142457
142521
152447
87877
150704
162974
154180
159081
178554
158637
156630
156748
156823
156890
156382
156668
160763
165485
142422
203951
157698
162226
155611
160834
157003
156991
164685
155680
164307
160090
164221
164274
164809
163977
164179
164012
164009
164131
63143
164131
164152
164106
164375
66414
164201
164381
164419
164390
157023
164880
165020
164748
164434
164428
161439
166351
164866
164768
158338
164536
164291
164644
164402
164409
164316
164706
164756
164272
164484
85707
164771
164579
164747
164608
163670
159893
182068
166057
152804
142675
142942
141706
139244
141921
142651
141084
141554
142911
141735
141092
162964
140997
142051
164418
158828
141475
140195
142328
137738
142199
142493
142013
162808
141006
142679
142658
139450
140073
141965
141725
141001
163991
158629
158583
161036
142447
95828
161094
159062
107797
161809
84315
157992
111707
118326
118327
119282
162722
154626
152488
153279
155353
153140
159757
159814
154569
154601
157769
141677
135469
153714
143061
155091
159627
159618
141537
158632
155408
186382
106908
175725
196643
192888
182451
195427
153053
179367
184796
19704
154305
162123
186766
183357
186315
194600
177436
141359
184777
207404
173837
262732
192159
173597
158602
162009
159692
154707
154841
154860
173166
173430
205350
173874
172404
170909
129404
173709
175427
175505
172769
202111
175643
245676
129435
142213
164013
83092
179138
152131
154904
133957
163152
129431
163316
117277
132852
160419
160054
162428
171261
163044
129318
161468
160468
153263
153408
158089
153271
153008
157721
164564
108882
154447
157865
35285
159078
157900
157722
143529
151257
115599
152798
155821
154702
153807
156559
156556
155641
115034
83087
84125
89693
92728
157998
160880
153311
137643
156471
163416
184820
188100
186782
158477
183557
187128
185289
185730
185684
185877
168312
185616
192011
186168
185302
155144
155076
161696
161645
162198
159097
161562
153291
153313
161310
154210
154054
159086
162255
161914
152457
157389
159768
153219
29918
29825
161337
158507
158101
132279
157916
158041
157792
158586
158226
159289
114971
157155
158416
156996
156674
157153
155333
158856
115379
158719
153904
158928
162468
137338
136302
158767
159103
151890
178443
178789
140627
159298
153244
153293
159039
126057
141412
148993
158525
154002
169567
159648
141664
105460
126067
161974
145854
125738
125754
160634
159319
141188
141543
178336
178308
154675
147508
135452
128970
30087
138206
204036
167129
158071
183913
214487
119104
134378
115651
190284
130889
171406
111242
109915
175606
108270
106594
168494
163901
168085
167965
181931
158359
200606
209351
246029
153691
114722
150949
208695
140085
131670
133541
210538
108670
138748
135667
207093
149803
162483
161454
163247
162196
161907
162031
131718
159478
158413
149995
158896
159078
157459
159322
159480
159425
159173
159869
158594
153586
159336
158812
157636
158627
160043
159818
159850
158169
157862
158085
137116
162194
171515
159360
157428
158936
156369
157630
157999
157300
125689
160885
232953
224166
219502
167183
165779
116336
166045
166735
164524
170988
167741
169364
165946
117916
164922
169234
166040
165560
136141
80457
162165
162136
117279
162172
161503
164406
162133
161634
162697
156995
164988
156429
159098
158968
155766
155240
155167
159983
159800
158918
159197
159546
164872
159624
158773
159880
158758
160263
159941
158985
159019
158358
158836
156041
164932
150931
179502
154898
119047
161730
136252
129145
117760
145012
117986
148947
134342
164553
162249
162320
161630
155168
187385
186973
34815
123829
122432
293103
164314
157767
162641
143643
143783
156163
157360
160346
141590
139822
162897
161788
138549
161789
161772
154629
158949
155209
162597
159847
160569
137264
162711
150539
154637
139375
162455
157570
154397
154406
129602
144665
120292
162632
153896
153359
155952
155734
162187
161173
153655
155605
152960
155873
155978
155912
155753
153838
153843
153870
153816
153838
153869
140087
153884
154727
158873
157649
155549
155879
154875
156395
155882
143891
155874
156393
156673
156667
156224
154122
153485
155027
155744
137124
156953
153792
161189
152470
154074
166775
149382
154686
138899
154526
235538
228545
155845
157109
163202
162158
153907
230101
136522
154188
168521
158702
155928
156130
135462
136938
137397
137484
135809
156534
158722
192218
617774
129815
136638
159266
159533
161567
142996
149745
154302
152731
157726
242529
242461
158493
136540
136566
136918
136901
137893
229574
156830
163606
138719
162058
163594
165280
152661
152518
152667
152751
153010
159079
161025
154249
156689
159747
161960
154713
144564
152893
145424
155955
122817
155077
145030
162154
164163
157602
145085
162045
162059
147919
29082
154228
154136
153672
154451
154167
153625
154057
153371
154281
123806
154460
154290
154000
154277
154149
154532
154192
154059
167949
154279
154212
152902
153887
154190
160396
154865
153983
136035
154261
153979
119512
153710
154165
153386
154248
154103
153759
154175
154353
154180
126844
153650
154071
154114
154261
152687
153189
154195
154427
165054
153869
154221
154246
153541
154821
159734
157557
154569
152754
155246
153965
124259
153903
154311
153812
153692
154018
153960
154137
154352
164213
154552
153971
154284
154168
153792
154224
154021
153889
154242
154042
154082
164732
153657
154267
154170
153812
154460
154247
154363
154323
153911
154284
140908
154216
153999
154273
148758
162232
162170
158500
158988
159455
159421
154823
149364
159387
159780
159465
122698
133669
135553
128874
154079
154148
136991
154017
159723
161486
167943
164639
136899
159025
136286
141583
159159
158077
155190
140816
155027
178982
157696
141069
141551
140063
136734
140313
159129
140538
142714
142325
141672
121314
176453
161448
177110
179142
163761
146638
164646
161583
181192
154409
162735
161650
140129
140457
140616
139821
141080
125470
140660
142200
140621
142449
141392
142590
140795
142298
141936
159147
142557
140770
142461
141081
142178
141787
141847
142622
140979
142724
141011
159101
141525
140901
141477
140351
141570
141626
142536
142916
141434
160674
161339
158996
159320
161560
130318
122797
130000
158854
154372
150707
98544
143023
174244
169910
170955
152720
153797
152018
153757
167224
166410
167185
166885
164988
141197
163072
154284
152160
132975
131011
189755
155978
165226
174417
141544
154735
162665
164615
159812
160674
136155
175365
173823
178344
158651
170463
186373
167254
173021
168556
173976
174067
169691
167178
169458
168159
178230
171995
171140
170472
171252
177822
167382
169614
169063
154112
173183
167120
170182
169487
170723
177851
161585
176770
172410
171542
141506
171817
170124
171856
177354
181267
176742
165539
165393
141436
177107
167777
152105
153485
153527
153913
153856
153799
153909
141639
153753
154047
153682
153061
153793
153813
153681
153777
153652
141338
153999
154021
153637
153249
154083
163320
177902
178969
223840
141576
166398
168337
166873
166013
168266
167097
138501
134364
168004
141418
154490
148583
166008
166154
166971
166158
166507
167555
141886
168420
167120
166588
165955
167536
166325
166834
166005
167552
141527
166081
167154
166369
165542
165519
168671
167786
166469
141775
166267
165733
167527
166828
165895
166102
167049
130413
138577
141464
143425
119119
160794
155569
136347
154860
156173
137775
143049
137024
141463
136486
136219
159319
159060
43983
33240
140775
166611
150511
149745
155168
141439
161787
154856
155893
156408
154508
156228
143244
141015
137862
141224
153954
137418
139715
139839
138533
138190
138849
136883
137643
135080
136747
139266
159280
159120
159270
159323
159287
159313
159325
159338
159334
159288
159276
158147
158787
160509
162153
162304
155089
192614
36527
36091
36474
154643
154543
154907
154251
141532
153611
122284
154171
154672
174032
161727
171354
159162
160232
141595
158626
158965
159102
159106
158803
159656
160466
158326
160505
159475
160488
159115
158787
158377
159551
162179
157959
159527
162268
162107
136667
160438
159755
161067
159174
157677
158340
152982
158899
124124
158948
159000
159101
160580
159675
158760
158768
160467
125783
160479
160472
160130
159260
160992
159031
159882
159145
152194
159805
163414
160233
158161
160822
156413
151853
129960
141251
171155
153850
157585
162174
159176
153669
136810
153239
159024
157533
154054
143205
142974
220481
143103
143176
167025
167669
167665
167439
167622
168291
167505
167140
166187
167517
168046
143764
167375
167704
167015
167184
167503
167980
166096
167931
174150
142160
153270
152150
153076
152888
153901
152120
152725
151731
154648
153365
158645
158432
90588
148791
148103
144866
149631
157377
153733
153017
154447
127260
153068
152925
153224
152956
153454
153556
153065
129499
128613
152938
154127
153689
153090
152959
150311
151852
154618
133827
153090
152938
152634
152984
149282
154184
153292
160045
154540
129604
161606
159717
157637
119211
157536
163428
173693
160728
122076
144439
122293
122171
161095
154747
157878
162184
157897
161098
162350
157575
155345
162470
162336
162334
159059
158925
159226
159098
157840
164389
159048
159024
159177
162094
154532
154592
154142
158069
160176
158114
157216
158703
158718
162022
116121
159758
152805
163101
157169
145733
158125
159737
157675
124402
153620
162685
157912
125646
182968
183747
157792
164476
158053
160788
167733
160806
164384
163984
168735
169699
161963
163176
165722
169745
167805
166074
162150
169918
169682
164190
172272
187592
172855
187150
181246
177969
155545
178389
175656
186143
190072
173698
164365
168806
168148
161427
135021
154957
154988
163104
124999
155759
156030
139835
140410
159556
88720
140918
142423
140420
142749
142324
142832
155426
140773
138317
142262
140961
140574
142570
141419
141714
141420
139458
160821
154877
160316
159977
159828
94287
159634
159725
159700
154799
124297
162648
117977
161854
160062
29845
157255
156099
178600
175551
161817
129265
158551
157404
162020
160242
161325
138639
154468
158743
158122
157633
128519
159245
158421
161891
163434
163108
160391
161614
162562
165431
155383
155225
161724
154925
153182
122599
153533
139988
148432
148419
157487
161776
161492
161090
159229
156259
159449
154457
160022
159076
161815
160866
161793
160175
161270
159148
160481
152411
163108
163086
180497
164598
158264
156915
158465
109207
87030
39965
199337
100024
154420
135643
135186
142618
142105
136839
121707
138402
142304
137597
137444
140701
139625
136266
138830
136655
159920
137295
139514
135637
139688
138708
138122
130800
141954
134553
140733
134189
125989
141401
136055
140744
137112
136668
136099
141098
136569
136666
95478
136921
140903
157667
161206
157579
167960
167529
175079
164865
161367
160306
161308
162929
162887
162876
162677
162958
162557
150408
162839
162792
158170
153666
161227
162046
163098
152585
141386
158637
137937
143083
127742
125966
131116
159191
149918
141414
141330
141605
141873
140946
148521
141438
141536
141575
141791
141481
141511
141752
141568
122418
152506
152496
185778
152507
154128
155789
138111
138103
163108
122942
124160
158144
153951
171498
160385
122449
162865
153380
136493
164859
162774
105892
129971
177136
118508
162749
154571
154841
156719
163174
158088
156548
155872
150870
156677
154820
154521
154529
153644
154674
155651
152438
153277
137397
157035
137596
136951
156232
159262
158092
157477
157608
157215
158425
156891
153003
157617
157929
157692
157650
173155
173117
151443
165657
129441
162145
151341
162054
162138
162144
162157
162187
1369294
149222
163020
161686
157582
139550
139625
122533
139625
139594
139553
139622
161957
139627
139645
139650
139619
139675
239506
139646
139652
139632
154190
153763
153812
159676
160907
166083
138862
141818
142124
142281
142246
142496
145269
147866
157838
142878
155860
148765
163646
163721
136647
136713
137950
138607
160690
136741
138474
137958
137994
136735
134516
141449
136598
136253
137254
157546
155982
165365
159999
155189
195858
162401
162279
162471
154350
153776
158273
170165
147079
154094
153987
153899
154062
153942
160115
171189
170686
171002
171138
128373
169593
170979
169807
156061
163376
161345
137427
154091
81425
161695
160598
158405
161857
89766
95656
142417
152964
157479
156178
35804
158583
158723
148361
158727
158744
159218
157117
160619
158679
158790
158489
158194
162549
156988
157572
157164
129066
156471
155609
157328
161537
160828
157629
162904
149885
163313
29129
160178
161564
155267
162093
124506
162843
159000
155665
48858
160505
136462
155179
155239
145997
155056
159209
161040
158980
15803
155580
121918
170960
153657
158797
154655
159392
138612
52382
192029
154472
138848
152743
155644
163550
160770
162888
153932
154069
161373
161322
156558
154503
154940
155856
162113
155209
161986
158249
158953
161058
156556
155478
160788
159949
155973
167549
156065
161783
163889
156043
154789
154874
154769
198503
162929
162803
127792
159908
155487
155096
154189
161787
153019
162204
162319
157865
160910
168163
158574
158226
158499
158774
159294
158981
159393
158861
153080
158673
159400
159027
163456
163595
163855
190267
222775
209337
122970
189694
214101
144973
161920
160513
153613
165691
144040
158893
160063
156898
157553
157060
157374
152561
152544
152536
150690
152557
152504
139426
139203
161630
139054
139181
139161
149057
139249
157768
158167
137659
204407
122588
141118
123732
131247
120673
123639
121947
126912
171095
156922
130947
123721
127926
132730
121964
171127
123778
155993
160096
162712
150561
155079
158843
85048
162841
157069
156996
162483
160875
154205
101977
107162
199647
155098
152356
161843
160723
159852
162840
162705
158451
157144
157053
157096
145332
138639
127374
156028
186215
162259
153567
146782
146921
146549
147004
154665
154229
154223
154088
154159
153966
146690
150430
161139
161200
157787
157409
157706
153180
157790
157672
129656
187513
158620
154436
148145
163179
171734
141065
153379
152776
153353
148975
163575
150026
153472
145707
144966
161284
124968
172677
168291
174597
140743
140744
140563
140776
153054
165295
127468
159124
161376
154632
159367
164800
159028
99774
148576
167827
162079
154692
154259
161335
154536
159414
152076
132217
162054
138038
182577
161893
161693
161829
161334
158947
185299
182586
183148
181161
184238
187362
157296
221212
148092
129984
158521
158521
158261
159738
153951
161964
154804
154417
153714
153899
153031
153623
154469
153144
123571
161927
126473
124593
141303
120959
160942
159985
153105
153069
153207
153088
153100
142488
145246
167867
145254
161144
157338
157567
157457
157449
157625
157299
173845
161613
167074
154571
126673
163188
163203
156946
161540
154748
159553
144641
142557
163017
165653
164141
151572
159122
158725
158725
139294
154144
145104
142268
142130
164174
128804
161324
108755
76977
75536
150043
80375
95265
116367
92774
102078
161570
130826
159725
159797
159400
160962
129493
129984
128811
128658
128655
128766
128641
161738
162268
162268
150724
150833
162250
150803
162989
161531
129200
161559
161642
161625
122002
120984
124189
125104
121536
121968
31091
115577
156723
123637
161552
156717
125702
162006
157616
157437
157609
157796
157326
157397
157797
157692
162997
157858
157758
157649
157053
157219
157613
119604
118851
122293
118156
141808
158402
154751
160946
159854
163194
162128
155748
158609
159888
158161
157125
157215
156892
157319
157128
157183
129407
159276
153170
149514
146962
157724
155134
157085
155051
152795
82274
84784
157585
163324
159719
161046
159976
159845
158946
155758
158736
159462
160552
159216
160090
989477
157592
160552
160386
160340
162619
162933
157970
161746
144075
159024
304006
248886
191177
87545
150461
154648
154686
155914
76414
153685
169304
158718
157333
163037
163063
163069
163037
163042
163058
163064
162140
163032
159454
163069
163068
163071
163064
162987
162995
163040
163070
163082
163056
158731
163114
163078
163058
163030
163067
163042
163092
155314
155937
119971
160708
153636
171677
161294
161358
147014
162185
154522
153870
154336
154437
158881
154417
161609
161625
161579
154114
154254
154507
154139
154521
154352
163092
154230
156665
156401
157263
156211
156293
159183
159091
159419
159099
156994
150258
160318
153294
147719
171400
154398
108214
161683
154443
155109
162458
91436
163059
163045
163037
163041
163068
158574
162333
113017
154754
161465
92087
70498
162838
134855
161989
162650
162216
161225
161273
161540
161562
160724
162166
157189
156139
155715
155767
156550
156776
158591
156331
156187
156383
155754
156245
58915
82141
85075
78465
83240
162891
158557
161160
155053
158798
181569
176523
137673
162101
138465
107673
158608
162804
162681
162375
158060
163427
162328
160690
161507
161454
160936
161268
162981
141450
161328
121263
159147
151683
141535
141304
151977
147290
153648
148927
180423
160184
154853
140484
140644
140654
141518
140190
122574
134993
148830
161452
152484
157647
151222
138809
145215
177855
178929
139208
160501
162058
162125
155461
155941
152442
167793
159313
149034
152247
158103
158612
152685
161643
151378
162990
152124
158791
150101
158372
159576
150038
152137
156123
164164
159122
157077
158044
151343
153015
147237
151494
162637
154524
155139
157788
160209
92711
157541
124495
166952
213385
224494
161005
166215
161014
161080
160415
157487
161936
159134
151173
154000
137607
151591
189394
107220
122712
121614
127597
157532
119009
122300
125288
127994
123334
158532
159766
160410
156123
153908
162455
165140
122947
160082
158382
156834
152937
162952
147415
146901
131657
162894
158982
158979
154757
152249
153716
152005
158636
170032
124934
157141
157293
163092
158210
160614
156534
133610
133499
143638
119898
137085
129669
131715
158487
162485
161045
156899
158423
156857
156544
156507
158096
153471
152713
143060
126128
161987
151271
154718
165934
159087
161672
153775
161880
162606
148775
177586
164714
152493
181422
155102
138870
158518
137092
160217
124149
125165
161043
159377
157547
138373
154010
159516
153272
153501
124052
122831
165592
162315
162337
118923
157495
157660
158438
177082
157331
152949
160523
157192
161065
160893
159278
157582
161598
160788
160546
160888
160887
160928
160656
158454
160353
157468
159978
147234
157000
121289
153922
166735
161876
162181
151609
155355
161196
158754
179387
178940
162337
179422
158061
163788
164100
164368
161822
161851
159864
161026
161884
161291
161186
161925
148950
166019
153146
158348
153786
157615
153651
163468
163323
163482
163809
163301
163375
158411
158399
158561
157034
157545
161360
165903
154692
157969
170968
136457
160408
122374
122365
19341
160468
131319
148619
162272
156509
155465
167150
153531
131333
154200
156544
156560
158606
157132
157739
155527
156667
158417
155337
157623
158721
160863
144842
158722
156904
156783
152476
155734
159419
159031
155671
158474
156612
156489
156316
149923
158164
157091
127684
125423
153750
163033
116190
162106
126083
162352
164783
157135
155007
156028
156978
157908
128854
147820
151668
154425
163463
168065
141441
162667
160354
140548
162241
156306
160501
163343
162113
168147
141104
163871
195253
159366
159149
162280
162892
162120
161673
162567
138650
161434
161362
162592
161715
154414
152770
152763
162219
157538
139253
122906
148432
129951
160396
160491
160578
160517
160510
160612
141161
158561
159654
162500
158984
161723
155129
166522
153994
154067
140098
154078
154189
153947
153494
161512
160058
160812
160980
130034
141278
130119
129472
129780
129960
131005
129943
129978
131571
128995
131326
139621
141233
139616
160492
157173
149999
148774
147097
148740
148395
148984
138008
149076
147806
148845
149082
148504
151148
129319
161709
162576
137536
160855
163526
163898
165789
160413
158196
161438
157926
153892
138150
161319
157237
157457
158830
157551
153214
159499
161174
158246
139933
161761
157572
157562
177729
157706
111854
136668
136555
136603
139827
136823
136681
136198
136530
136629
136574
136490
136659
136450
136698
137145
136263
136470
162335
136469
136424
136513
146027
157660
149054
158983
160198
138150
159878
159624
160145
157512
157531
157287
157498
157625
142213
157507
157555
157573
157533
157580
157603
157542
157536
157548
124498
157524
157478
157536
157448
157319
157511
157465
157511
159908
157563
157494
157512
157506
157483
157609
157525
157560
157489
157528
159904
157547
157584
157539
157560
157316
157538
157389
157508
157638
157274
157584
161014
157489
157539
157565
157498
157606
157532
179238
164260
142330
144604
158519
146070
139812
133582
149056
128350
158012
157865
162207
153319
158691
137098
114683
154176
141533
138596
129589
160786
154685
152911
155616
155709
173936
155600
155602
155686
155668
160038
159982
153627
161104
154015
167738
194777
92851
189172
125088
132813
132364
133309
160949
171120
198659
245282
137627
137651
162216
137665
160994
162297
165192
158589
161902
125503
157363
157750
153393
162077
159378
158907
157436
135760
124034
157705
159077
164198
153857
163510
163811
137181
136902
125857
163028
179925
151283
153976
165082
163640
302667
125343
136639
161661
163803
97269
125189
157635
157635
157376
157328
125523
157607
157763
158119
157680
157837
157923
157612
162887
128063
145620
164301
157613
157692
157601
157891
158841
157438
127087
157597
158021
157798
157968
160889
159786
160669
157570
155985
157663
158110
157948
157345
157906
154038
154030
154154
156943
157555
67123
157453
157852
157754
162329
158890
138677
121433
154622
154061
159410
136103
137843
137224
161529
122812
123561
160722
124194
157658
165237
157591
157064
157383
158925
155120
157701
157786
157973
154550
157655
157664
157584
157729
157972
165690
162077
156959
157014
157600
157093
125902
157045
157752
157277
157407
157515
157379
157326
157384
95447
158121
158872
124642
125137
65454
65628
65208
65425
158845
72235
64978
70597
121878
144552
154623
154662
154532
154663
155560
154658
154764
154337
138335
164172
141265
139922
135981
155175
154069
161595
157674
150351
158648
157648
138319
150149
154604
155090
141758
137674
135531
135713
138040
137397
122839
138401
137890
138302
137538
175468
175612
157405
158643
121869
162389
160354
165438
154687
153065
156812
155160
143094
123755
158333
161315
156787
155254
155250
160297
161416
124582
149052
142220
162445
129258
156225
156206
123379
122865
121623
124053
123151
157077
156949
157033
157069
157866
153047
121433
142462
161343
142575
161584
171322
154442
154229
166592
158633
120557
144339
155059
126833
136684
136599
136678
132471
134411
136321
139130
134963
162234
136805
137559
126830
135577
126975
127677
128058
128449
125813
125338
124385
125699
134028
158766
126661
127274
125012
125125
126201
122913
125906
127304
137275
135689
137029
137042
160271
136968
136999
136166
137010
137142
137415
137128
137073
136763
137055
137206
172164
140262
163491
165034
161618
123262
159787
154117
154490
160525
124757
154492
154264
162837
157553
154181
154265
161436
158099
139861
180660
157298
159112
149152
154963
158978
159124
165835
165677
142535
165844
165823
170363
165334
157336
157363
157448
156398
157386
142725
156914
157395
157986
165892
165647
166908
162674
162903
163661
141704
162497
163418
163338
162923
162159
158663
154311
61803
63229
172128
157347
111248
155606
87856
153719
157553
157563
157502
160803
141498
154325
160123
160656
160216
110900
141424
141512
141406
141380
160620
78816
160126
162298
157548
162141
162242
125847
82240
164610
159961
154490
170951
171074
126701
159320
160987
158944
141854
141430
141365
141449
141411
161955
141430
141416
141386
141410
141457
141434
141326
141457
141408
141405
141375
141413
157407
141429
155572
158217
158207
158346
180553
64668
404428
118688
160498
110114
121547
123409
118987
119367
121384
119249
119570
122082
119652
130416
167488
157745
163396
163714
162756
158861
132510
161266
163231
174823
174062
154074
165125
155304
164439
157213
173476
161811
155393
159129
158976
173518
161927
158830
155210
155258
161974
161460
168914
172765
161277
138221
139874
140804
163591
153659
164356
135423
166797
161218
168259
153356
136774
138387
138757
137196
159721
136788
154948
177094
158145
121264
163376
163269
121422
158859
163463
162934
108257
138881
162572
82679
84658
85721
83460
154027
67510
121737
81260
161923
119414
163149
118150
155500
173866
150742
86543
150367
137655
126603
137700
132005
158692
155053
152443
163761
151633
129441
158697
159016
158695
157623
152184
162057
176658
169805
150946
155809
158401
162861
179697
159987
159032
137687
137637
158342
147531
152968
137312
137701
137704
137715
137644
137765
137693
137437
137683
137307
197749
137706
137485
137642
137695
137694
137702
137647
137653
151709
154116
156214
109584
113902
155770
154433
155202
159245
159573
158461
157552
124191
124195
154545
158235
144396
152689
89672
123519
163165
163851
155560
158585
161039
165810
151420
162198
155035
157265
158453
158825
158829
135286
140993
141867
160591
122013
165661
165920
158462
157371
158809
158544
159666
158484
158537
158544
121321
158531
155470
156254
164267
153923
153014
153608
150915
154026
153956
160875
163847
153949
157964
159409
159647
162288
153753
156098
150700
160857
154704
158650
151157
155240
162571
151207
155652
151601
165194
151732
156040
174550
160725
154484
132068
132483
157132
157476
156276
149725
157489
98574
156062
154184
154509
154592
154384
154499
153431
154351
158102
154631
154219
154360
154472
154409
154469
154581
154427
166195
166124
154106
136429
135241
156085
161371
111099
110977
166187
164716
159565
148781
136326
66996
154317
153285
160102
160130
157677
158153
160718
159637
136328
161063
157503
159738
159564
159335
158456
159815
160541
159776
136658
160778
160280
160500
160219
160398
160567
159190
159374
139543
159581
158706
159195
159152
159228
160892
158904
158823
158616
138525
159935
161297
159642
159770
159519
158168
159511
159933
157761
138743
161526
160169
158690
159661
159942
158852
158518
157636
137330
160608
162283
158283
162612
159931
161505
160998
161491
161126
161832
137664
162154
156472
152832
154705
159332
159022
159235
160307
137594
136748
86444
153632
158893
138552
160098
164323
154999
159250
157360
139205
159185
153941
153229
160155
160307
159610
153476
158858
159146
138609
160046
159308
29068
160252
159479
159363
160059
156159
160804
138724
162829
160373
160719
160410
160800
160715
156643
156743
156605
136503
156499
156606
156743
153011
171772
158549
158209
158462
175925
139221
175727
173462
117233
130327
123788
159286
158991
159276
158382
138185
158703
158315
157189
156625
158184
160368
173631
158904
138617
164125
143986
144561
143785
158884
154014
156572
159974
159238
136487
158414
158570
164368
164236
124883
154727
154658
154831
154685
136528
154661
154918
154544
154758
154892
154755
154493
154766
162486
154721
136044
155002
154884
155022
154708
153778
147642
155836
155508
159886
139707
156504
161167
133750
165351
160507
150621
163144
165268
153010
137533
161971
161879
161931
161899
161924
161914
155274
166570
137341
151184
162128
161159
161768
154015
154986
153593
151736
154207
139530
163018
162370
161875
161847
161468
162520
161318
161917
161825
137217
161860
162063
161940
161910
161993
161643
161165
161093
137107
161477
161892
162178
162646
162178
162221
161535
162335
161591
137890
161764
161620
162776
162244
161515
161682
161740
161599
137313
161698
161629
161719
161729
161702
159037
159268
161560
161519
139733
161631
161597
162282
161292
162261
162417
161636
161623
141929
161875
161596
161892
158772
160209
164938
162088
162095
161965
138431
161850
161985
161909
147892
147930
157985
162292
154691
156653
177376
131472
158840
162276
156319
152108
162187
162169
162482
162382
158384
162234
162438
161710
162450
162370
162292
162408
162007
161741
163028
137350
162457
161843
164796
167471
152051
161175
158429
156015
21817
159400
159321
158797
137111
161017
155100
155436
154905
160373
163280
160514
166062
138409
155299
160615
175273
134586
154403
154003
160848
164828
162956
162244
161186
140210
157160
175348
141249
156148
159478
155994
155737
307012
141266
161951
166574
151046
161419
157586
153814
154160
160007
128764
137473
178614
126832
165002
163086
133376
122979
86389
155468
195429
141706
159916
161650
155160
156177
154881
159146
175280
159178
137495
135929
139102
36793
157814
161255
155913
154737
133096
155563
150890
159675
138111
181709
181380
181913
162017
125516
128202
155492
162591
161278
136487
159986
160014
159941
158499
151442
154988
153705
159889
160394
135691
159948
159178
160263
155125
134343
155675
162163
162269
162003
137541
162316
161832
162127
162422
163246
162461
162244
136099
139406
159640
153868
160153
160322
158838
157995
154999
154119
153907
141910
158741
162520
142520
141030
153016
128345
195499
157053
154263
158376
163321
158408
154726
154580
154552
154506
166445
141089
162735
152119
153966
158776
163478
157828
151650
161780
122480
159664
163263
161029
153645
129643
158304
159221
159369
158864
158156
159347
160615
160166
160296
158585
161241
160617
158387
159083
159045
154747
153792
153161
160869
151942
162350
141518
154057
157587
161491
158238
161966
152773
163593
138533
138026
137808
158845
121652
161654
163732
138880
140035
135840
139353
155235
164209
161805
114539
154957
160519
160137
160325
160785
160486
192873
154707
160730
155274
160224
153857
157233
162254
152818
153867
157653
163869
133607
157551
158972
162129
153855
160794
158695
163124
162379
162687
153529
153794
157556
154715
151086
152501
151769
75074
71443
155440
153166
132640
153542
155067
160583
156157
160204
148843
153514
158135
151486
160105
148090
154622
143033
161333
155915
154803
155862
155883
153739
158354
153827
152296
154726
161791
154574
162062
153653
150852
162262
152927
157897
154250
136362
162238
166112
164544
155562
149434
155532
154883
155115
157160
154686
157523
158475
161233
157026
159435
159414
149785
158435
158617
159497
166123
158663
158852
160286
159654
160452
160564
161291
160793
158710
159103
157617
159870
159501
159587
158501
159363
159901
173017
153779
158717
162783
158662
155041
158749
162503
162846
162826
156556
165066
161006
152926
160237
160246
156593
161397
160722
159682
158397
163245
156185
162880
156994
164715
162874
163618
163414
162720
167099
154452
152244
159841
161280
148599
160529
156587
160004
156066
144481
141652
156528
155451
190220
157277
123784
165357
161016
159287
128953
153609
138149
138177
162672
165442
166880
165770
165962
161540
160481
151571
157104
157369
156369
162518
165637
161425
158218
125030
153630
153768
113005
153783
153704
153675
153718
153783
153636
153685
138664
153669
153642
153670
153788
152913
153660
153723
153816
153616
140018
153782
152878
153235
153766
153732
153760
153754
153639
153775
132711
170696
164482
165276
164517
165405
151154
162480
159629
158000
157927
156480
157921
158512
158032
160810
160064
158199
162106
159130
155088
153026
152082
152117
160300
160282
162603
166181
161756
177940
162053
160499
151540
179890
161656
161628
160413
161545
162806
160154
161397
161258
159757
160611
161056
161343
177864
156339
161888
161517
160017
159619
160683
137609
162716
171525
162777
169930
161033
129568
125030
160674
160849
138649
159885
162290
161764
159479
160982
156116
162122
178322
138657
160698
162474
159031
161472
168146
161898
158247
158623
172807
157684
138648
181978
153645
163063
161584
164783
164656
151149
153876
164321
138655
156129
162432
154201
162191
159389
182644
161276
158884
160195
124900
159391
161326
153848
160115
160549
161768
160026
154362
157069
163561
160867
162665
160424
157392
160036
158264
182483
155346
160806
157515
142542
157406
140704
140482
162215
148463
151435
149817
162044
162071
160391
162138
141137
158400
165618
166560
159963
184433
217539
159093
160385
155766
175768
160244
162292
196299
153649
152097
159962
159948
158064
165594
127713
202116
195713
171686
160514
160676
160806
160792
149162
159002
152143
152075
159499
161993
154460
155534
157923
158764
161585
161948
159705
154009
151408
158223
156001
163374
124052
158333
157130
158078
154512
155279
158533
158349
175454
157556
151415
152492
160671
153808
162191
154516
140351
151416
148810
162175
164478
164001
171581
160442
157461
158840
154181
148316
152387
153104
152190
153483
148644
153345
149483
163467
135617
155378
157422
155664
161150
157561
158457
164221
154575
129519
153818
125914
130602
152432
163377
159031
158709
162518
179018
153648
166668
137957
89093
158647
131712
159767
159355
153787
162536
162192
154388
158038
149448
159899
145960
154691
161346
161721
162011
161969
160148
154141
172182
166148
155198
165900
169582
156340
154708
162934
165446
159723
130275
131145
161961
33688
161983
163048
155731
162931
162305
162003
165855
162889
160041
162791
162903
156462
170004
171358
158130
158086
157860
157559
96533
156807
25215
64014
162109
154576
158871
160830
168254
162348
160576
160966
160211
157661
159047
157293
154399
154404
132329
157897
167640
158141
158047
158352
157780
158284
159174
158131
149721
157631
149707
154211
149665
150114
148342
150023
149369
162227
162343
163199
126240
126262
126447
159689
126195
125914
125874
126220
126414
157141
160512
160629
160161
160048
161032
154593
162253
164209
158531
171706
153050
155255
156003
155160
154847
156271
154691
155073
155569
154946
159839
133337
132692
162312
159121
163581
158831
162155
139887
161252
159158
159014
160236
157826
161669
165339
165784
153231
163346
163457
163473
164116
164133
163421
163373
163357
163364
164651
129932
164144
163504
163436
136854
136820
155621
158389
160057
155387
163639
136844
156793
154708
158006
158334
158247
157958
158095
158283
161524
107272
152555
153261
152991
153119
153554
155189
155953
151935
157200
155056
128796
154849
155134
160222
156855
151276
156489
155205
156010
125242
156321
156247
157068
156640
156560
157146
156934
156208
155460
157083
157009
157349
157030
157118
156218
157656
157299
154666
157227
141484
155816
155919
155506
155893
157163
155901
157265
156109
155565
161399
155427
159826
157570
156688
156062
157012
158981
158686
154762
156218
132678
155187
155778
155563
156460
155546
156941
155990
162053
162391
154005
162172
155222
156333
155642
156844
156697
156990
155610
155463
155735
155862
162073
155858
156000
155714
155920
156426
155360
152467
156124
150323
154651
151968
158703
155505
156927
152362
156603
156592
156497
156423
156371
156408
161348
159420
155650
156442
156726
156374
156122
155848
156762
156120
155397
154069
155486
154400
155717
156926
156950
156056
156319
154367
154966
156894
154663
139656
156257
156625
155117
161970
160768
158585
158471
159372
156252
162095
154435
162808
163290
153225
161309
158744
160190
158700
158786
158748
154815
158719
155610
162056
162524
151402
153299
150879
150460
164244
164272
155579
164244
164834
164270
164303
157573
154326
127556
162663
157187
166989
116512
152782
161464
153223
162099
153479
153240
153441
117073
162401
125583
153915
155451
154058
209117
161652
160729
171680
165695
158121
188519
154716
164615
162368
149050
63780
157528
157502
157527
157565
124862
157532
157511
162167
136634
152440
153955
152843
156592
131631
156679
155201
161061
160624
162991
148232
129317
153240
156634
154646
154538
161060
116289
161813
149749
157848
141301
159336
154757
154541
160394
150949
155998
160655
