152601
151624
156281
150195
90471
142992
143917
156004
143486
159592
145855
149273
149269
149817
149915
149931
149443
149388
149427
147422
149336
149444
149670
149672
149118
114020
152726
143192
144623
144443
148624
87125
127988
156000
127321
136106
126306
128531
128668
127159
126802
127798
149008
136041
135973
135943
134937
127933
126211
129094
145130
146109
127451
148027
113661
150385
136556
146506
146837
144749
147089
149734
137036
145447
141000
135535
140894
143397
140242
146900
139799
141658
122066
154164
141987
154184
150593
149894
151456
150647
150269
151111
150057
144586
105673
149404
160066
149055
138731
66412
150897
141109
134147
133773
134012
134209
133861
133850
146496
134066
134132
134230
133730
134015
133199
134075
133930
134188
134124
134105
89816
134192
134173
133934
133861
133986
134250
134193
231882
133180
133935
133538
133896
133674
133744
133736
133867
134036
134130
134093
134029
134012
147096
149241
138603
136568
137276
224331
137917
137723
137376
137376
136157
138505
137690
135701
136333
137740
138353
136122
137205
136763
138315
137965
137330
155952
137852
136975
137075
136502
136373
138377
137173
136882
137081
137716
137706
134940
136078
288514
137530
136928
137308
136325
136583
137592
137054
137890
138551
138804
138231
137387
155432
145054
142399
131210
148649
147842
134764
157402
139820
127781
157223
133723
150526
150378
103887
105660
143357
146599
144768
146370
144725
143020
143964
147529
154157
152700
146464
146041
139194
144920
144178
143146
142811
144297
142819
147270
143513
144710
143958
144594
145739
143556
142714
144327
153899
149758
145895
146958
140930
147705
144255
141450
142860
141574
142264
145453
153937
137320
147156
147684
142482
145013
143102
148925
141506
152836
140013
144935
145202
139701
147259
142687
142565
143337
142969
143116
143947
146180
139534
142115
139780
142887
140953
151689
146887
86088
142384
141583
157855
141187
145555
143798
137451
146335
145229
144745
96910
97424
113423
155008
147445
156920
148284
14895
145507
90810
117462
147785
142050
144295
149464
144658
144988
141505
20256
150047
147996
162478
149323
155187
126244
157563
148874
149036
159141
144202
141144
141526
144442
57607
133844
138498
148940
151365
145125
130220
144253
144949
143924
112635
148519
150275
147451
144207
148324
145739
146630
150009
149784
150601
202259
148418
140787
105927
144286
147860
136951
139681
139585
145510
86292
140542
140841
156129
155879
156410
140653
154515
146072
145973
145874
145949
145543
150173
137538
151443
149424
134434
150116
172603
139342
106508
120984
145607
150620
137719
204927
135402
141122
140787
140767
140804
151550
147503
146086
123013
151308
135241
130421
146336
141509
141611
135318
152118
155916
101311
155898
106373
137854
155446
155547
155996
156116
155525
155867
155687
155877
146597
155513
147477
138800
128596
105560
141146
138143
155944
139600
156110
155677
149247
106886
138851
145789
146676
139448
136659
151538
134212
105889
155900
156753
156309
144560
155751
155314
155960
143823
140653
151093
106080
104975
119091
123009
120159
159337
16182
133684
153501
145518
120939
154788
156087
148474
135064
142514
86287
158916
148348
101720
146600
138393
139035
138573
138883
138126
87895
90452
146672
136709
76153
63448
142452
137135
153123
79704
138525
80337
103160
144501
151779
139728
139070
138501
147162
149931
151030
146213
144783
138187
157726
146917
160550
151262
155987
157549
145764
143596
140477
140565
146354
151165
140922
152811
142717
95003
146159
138376
146966
141978
145499
158741
154796
85236
144564
147116
149507
159206
158738
141282
150790
141083
164667
136341
144621
138098
103750
149135
156009
139368
131859
155768
149331
158503
160797
161798
141753
142368
125812
194131
154451
146811
147275
147497
146608
145188
143917
158012
116618
135797
22881
117578
119244
152055
128839
143888
67928
134926
156753
146632
155009
154749
152715
120304
137089
84988
128051
129638
58408
95455
86325
90127
195352
143859
19621
138083
170352
160419
6868
48880
8797
223613
147285
155360
154021
143002
144092
86573
92190
128006
127767
134881
147215
135141
154821
146966
146451
121280
126742
44004
144200
137380
140756
133426
138687
137938
145678
138813
140242
139324
139131
139903
137184
138793
139304
126224
112021
100507
137338
154395
139133
146512
150551
157797
118541
111147
76154
153890
75925
125489
137224
150587
117119
146911
144082
163465
147122
108220
161923
160561
147431
137463
151466
114135
136812
140367
114690
115874
112782
151440
126776
143257
106919
138280
20459
78626
112056
114041
102950
82030
84692
74463
107314
150024
69068
89471
153435
108879
138402
72653
73313
146162
132998
101044
127870
187489
133543
135359
128819
96762
142809
151485
120755
144645
70101
145317
133065
144894
133313
107516
107735
137296
105024
149051
149697
151603
91102
152770
86134
521959
128079
164725
133305
103450
150594
132364
115421
101301
148050
143189
105245
146197
147414
133015
20277
102268
145975
47074
114114
219150
137395
151061
109273
112207
111128
144721
111566
110987
109542
142583
147659
147140
95114
146440
111314
157384
146777
142597
146837
137103
146293
136917
124934
133884
133924
134329
133990
133686
146581
134249
157800
144748
142546
154239
134573
143444
145970
146191
116443
151192
141981
73261
144886
129601
133975
129951
134654
133368
129192
135113
78183
83606
128913
118008
152785
202752
137320
133669
148306
137493
128816
135829
133321
152206
135017
128794
151675
134922
121472
148666
132398
143173
136273
85423
129564
146788
146083
136554
141511
146059
145930
22276
137975
147882
129878
144956
136585
145554
139897
147873
147652
147623
147798
137307
147606
146651
115283
115289
47811
160162
84447
144256
49898
138386
146757
137917
145831
136133
145659
103694
105063
139718
157660
156236
138761
105796
137425
133236
119382
151395
141675
149203
151656
146869
75956
150056
160032
148905
144104
157440
157683
123599
138553
120822
127059
124132
125604
125331
139020
130065
183143
93581
142292
132773
113618
93834
143097
142866
113816
118943
114435
147594
141202
133419
157393
159589
144837
128270
144918
152512
145217
116397
113443
113494
115017
110398
140265
145187
135843
126085
144285
219311
144255
111310
144671
132652
157206
156554
136194
125738
137169
136071
136213
135961
136157
151457
86906
84514
86770
125576
144409
87918
144333
128953
128076
128637
153175
153042
153254
157856
153970
140112
157728
153059
154088
148022
150177
144120
152609
150553
142588
139936
144019
143733
147841
147513
146413
146453
125613
19288
162864
163140
143607
139975
138347
137826
137342
135869
148769
116296
157760
157741
157903
140006
158193
157611
158252
157956
186933
134782
90385
146194
123961
37130
149534
129323
176864
139604
145596
144414
139839
139478
139341
134851
118831
99148
49116
50871
139968
146381
129521
148619
147916
174172
47852
27980
105317
144231
146533
142292
139898
170387
144800
145236
145024
144277
144074
145189
145439
145397
145628
145145
139937
134189
104437
149064
145950
137540
112406
144943
144530
128493
115599
137126
120490
136690
148621
133409
135078
134486
134851
143982
146718
128713
147501
126702
127942
127802
131089
126261
125761
85006
121325
150841
137547
137962
146427
151029
141939
138767
154059
152005
151618
152813
151968
149432
152134
146362
151411
149400
150664
117264
150483
150106
150236
150349
150728
150433
150291
147073
151242
151176
149064
149047
148060
147910
147270
150137
150789
150053
147630
148490
151261
121898
150798
150691
147726
147350
145524
167706
143000
146326
145825
152969
160015
160664
145074
147398
161709
134822
158235
143470
144332
144185
204899
145333
145801
68080
145726
139697
145710
145528
144817
136919
145803
147982
155042
147519
124277
158646
143748
143460
55775
149104
139526
144297
97473
129215
150138
135016
135438
142689
57640
137360
152663
136596
151470
117515
150863
138443
137316
138391
138485
137502
138332
149173
148151
135865
193514
150861
146796
137073
149497
138267
138276
147410
143221
155122
145422
147672
148039
147885
147466
147755
147259
147751
147762
49198
147612
147756
147337
147481
51991
147301
147546
147009
148046
141686
147365
148128
147905
146950
148424
144651
149546
148290
148201
143334
147459
147916
147487
148012
147044
147474
146528
147499
146858
147023
61456
146975
147952
147430
147907
152336
143016
120075
150643
137422
135513
135543
133969
131095
133909
134509
133742
133006
134872
133710
134274
149599
132757
134884
148025
145462
133687
132405
134015
131299
134159
135070
134592
150684
134412
135761
134393
132348
132752
135799
133477
133997
152332
144235
147310
151401
134492
89145
150809
147117
96420
151261
73854
145974
103185
113701
114363
116961
145970
143360
138567
140109
137566
138566
146206
146573
143329
143303
148856
133958
119577
139449
135169
143980
145629
145815
132316
143162
142517
124570
80930
174201
138928
136985
120616
140075
139477
119442
116446
13672
143852
144985
123677
122468
124834
127385
114741
133634
124202
130614
115005
169179
131466
110882
145928
146171
145069
148847
149499
149600
171154
172819
207821
174410
169663
167765
108485
170425
173841
177116
169987
204584
176864
249489
108348
134743
153719
60314
181893
140317
146377
113638
145871
108246
146529
74686
117633
145891
145208
142637
161002
150115
108604
147140
151874
140173
140343
143455
138627
138446
148470
155734
81772
143302
148747
17284
148915
148927
148438
101384
142166
104251
137398
136363
145567
144991
146115
146121
143545
104524
67040
68618
72584
76373
146790
152113
140489
128273
146166
151410
141979
137264
124284
147230
124647
132209
140843
135287
136268
129256
159949
144863
136000
143992
139285
140749
143188
142890
141942
154627
151674
145307
140060
140174
143325
142674
140249
143870
153286
142990
142022
143393
143108
138822
15530
15847
146910
143493
143728
91795
144350
143979
143679
143901
144275
146025
103741
144087
145773
143230
143291
142881
140803
144360
104434
144307
141326
144508
150716
127853
126876
144664
146387
142636
113322
143327
95680
151081
139934
140557
144903
104604
134493
137892
144192
142469
161408
150278
134525
72838
83971
143007
133405
117769
117855
145962
145994
134671
134356
112238
112656
146128
130289
121107
107332
15398
117147
211496
163572
99591
180094
152692
81365
95447
89244
154154
95770
128624
101619
106496
172908
80634
90560
160249
157246
160573
160520
129611
147278
145992
151699
192351
133984
112236
138960
159434
106984
87401
93148
194904
66915
103104
115910
146962
129231
155588
154444
154385
154777
155148
154968
112588
151294
149776
131838
150209
150494
148072
150760
150220
150276
150196
150631
149805
136589
151265
147204
146897
150266
151969
151230
151439
150328
143414
145411
126557
146708
159392
150370
145392
146714
142798
145054
140577
145751
118081
148680
237094
226942
221876
161950
161720
104637
159771
161216
160180
169696
161073
165785
161606
106715
160531
165297
160509
160578
134581
55303
147763
147853
106088
146752
146266
149528
146343
146483
146318
144855
147990
143979
147586
145588
137830
137786
137840
144570
145734
147109
147110
147685
149033
148190
147382
147537
147800
148410
148043
145421
145446
146410
145215
144534
148282
140629
113216
145038
85867
141527
128834
89174
79635
129510
87131
136050
126558
147607
157688
146841
147433
144496
140714
133571
17212
116482
112349
237138
147055
142633
141236
134137
133380
132451
143695
148677
134725
131924
146109
142432
130546
142471
142487
142700
144456
139437
144423
151819
146576
131037
141380
142599
139985
131665
145676
142254
139401
139257
109766
142430
110051
143124
141287
143253
134436
134949
155105
141215
134557
143675
137736
144180
144053
143541
144017
140920
140844
141216
140488
141080
141403
106726
140818
138886
150949
142871
138150
137806
136511
138010
136876
133211
136160
138010
138655
138530
139378
137003
136953
138586
138847
128049
138380
141110
144642
135950
138579
153544
137730
139229
131039
143477
224487
222758
142305
146129
154297
155446
138013
210932
87899
143668
126142
144608
143286
143406
131023
129751
129615
129476
128491
141909
148155
134237
297607
107251
130160
145769
146037
149864
135052
137508
143156
136500
143618
221001
221549
150895
129227
129324
129562
129442
130430
129253
144536
148777
113959
157762
154702
154426
135338
135767
136105
135947
135125
150249
148096
145324
151637
143818
153022
149018
140703
138959
141546
140990
83695
147872
141223
155058
154769
143974
141163
146224
155139
102954
14944
140771
140384
140412
140778
140920
140749
140883
140616
140829
85640
140249
140641
138982
140947
140616
141321
140893
140841
119490
140853
140942
140237
140058
140715
148936
143608
140511
126535
140709
140220
86248
140024
141006
140127
141182
140707
140872
136621
141393
140483
89475
140803
140009
140738
140274
138795
140837
140210
140968
148256
140891
140793
140915
140860
149801
148825
144868
138951
137998
140686
140309
89950
140605
140855
140750
140135
140555
140408
140853
141128
147737
141358
140102
140651
140810
140485
140857
140666
140256
140823
140589
140828
147499
140514
140595
140924
140177
140963
140765
141020
141439
140383
140655
134080
140838
140564
140577
145776
146455
142255
145766
145414
146075
146052
149744
137403
151838
148923
147640
101550
113368
120693
109772
141863
141800
129955
143686
141760
155760
163495
147644
127012
147121
129223
134048
144360
147598
143728
133026
144198
159558
146749
134201
134409
132329
128621
133243
144284
132506
134708
133897
133501
113464
157036
146074
159439
160982
146159
124035
147553
149126
159820
140844
154123
142742
131503
133271
134219
133967
133954
123079
133794
134325
133528
134749
134295
134692
133082
134409
134347
144312
134963
132640
134591
133981
134248
133742
134124
134824
133679
134524
133348
144694
133804
132875
132612
133168
133795
134394
134987
135738
132858
148600
149557
144296
147873
149966
106365
112577
108898
145502
144136
140476
58699
134838
117370
114285
115362
141857
142465
142852
142998
161693
161439
161815
161594
160595
133249
142321
137552
132645
114069
112146
127611
145756
148877
165151
133890
149820
141546
157403
150859
145729
126013
111888
120211
113123
142039
113015
118116
111758
115806
117583
117552
116643
109522
108701
157380
116595
118938
117258
114485
115564
114805
120784
116330
113667
114517
137350
115242
117473
113610
115224
113630
118680
149016
113463
113492
116940
133996
109112
112155
110944
114695
116247
116220
109911
111340
133785
118689
115496
136449
142625
143130
144442
142855
142854
143184
133903
143193
142952
142638
141854
143671
142955
142665
142622
142925
134082
142542
143380
142894
143005
143711
146358
158392
160091
124968
134045
160894
164282
162317
160865
162789
162829
137308
132597
163229
133717
150388
149200
161868
162358
159751
162567
160706
163547
134198
163594
162542
161647
161495
162033
162060
158929
161439
161360
134279
159923
162765
162204
160867
160799
163713
162599
162228
133702
159595
160982
163535
161406
161065
159332
163907
118473
129345
134154
128980
117107
146241
137024
128809
141634
140080
130048
135862
129916
134213
128367
126945
145205
144344
29752
23773
133675
156389
137587
136730
144951
133820
148769
145057
137356
137804
138158
137497
136857
132348
129953
132846
136738
129588
132094
132135
128814
129112
129539
129946
129221
126378
130050
132339
145806
145222
145316
145413
146052
145529
145338
145498
145574
145355
145830
142704
144192
152876
145182
141094
138747
135875
26896
28431
28556
138573
138502
138684
138215
134349
137393
118641
143599
146964
165243
145124
159655
144141
146832
133845
144657
144393
144639
144177
144238
145650
147230
144034
146969
145114
147000
144538
143812
144765
146330
157767
143839
148546
145298
145155
97400
147152
146077
145469
145873
141634
144638
135420
144346
116063
144496
144306
144524
146992
146214
143772
144717
146624
118709
147598
147134
146580
144454
145214
145831
145609
144383
145424
145825
147402
146180
144552
146319
148531
137928
98814
105912
159005
141093
144617
149053
144529
145213
126906
162312
153447
141383
143541
135585
134811
140636
135474
135503
163218
164085
163335
163494
163025
164695
163222
162135
161335
162530
163748
133585
163083
163285
162517
162901
162789
163228
161121
163631
115125
135560
162239
159118
161930
160358
157485
156810
159426
148803
149590
137999
169604
173787
59534
136455
135467
131261
136767
142550
154265
161055
145105
108614
140662
160766
155631
160219
154096
156710
160674
135812
109591
153784
158795
150926
157407
160700
159187
157461
161939
110151
156810
153430
153017
141514
138962
141640
148128
143930
149508
109674
148012
143103
148790
87202
148300
146206
156872
153789
113835
120523
114438
114159
147866
149854
150982
158693
146234
146967
142324
142829
137993
142433
142219
142457
146833
147729
147559
147915
148437
153534
144265
144100
144861
148747
138503
138414
138283
146166
151154
148417
148961
149924
148927
151593
105155
154497
146572
150359
145469
125991
146375
147437
144373
105416
137186
147688
146223
104912
161237
155578
143489
154121
146042
149905
158210
146333
153089
153938
165435
161083
154328
151992
167368
162336
173826
157613
158268
165628
162876
154635
158832
172177
160700
170314
167074
164415
140443
164235
161682
170525
173353
162585
153147
169985
162897
151608
121937
142190
142350
150341
107263
137229
136572
130641
133489
152032
72551
133002
135003
132528
134907
135387
136069
146898
133363
130406
135159
133978
133944
134983
134156
134492
134090
130580
144168
105817
146190
145131
144180
60554
145466
145508
145620
149682
103919
152583
86228
151715
151089
15378
144398
141368
162537
162136
146635
91394
142492
145320
148419
143171
149231
128660
142699
148387
149052
148670
90465
150257
147735
145146
146369
150260
144825
145776
147163
157296
142591
142437
151744
140336
134232
84441
153696
132935
135154
135156
149589
151475
152283
151267
145291
142890
146063
141845
150972
149818
153303
152120
152695
148591
153262
149005
150299
138231
150425
150429
123213
151271
135938
146945
138146
98787
77709
31473
195535
85272
142234
128165
125621
135537
135111
127203
88632
128288
136465
128514
126916
134230
132618
127671
130459
127361
147925
127279
130275
126759
131854
129515
130755
122160
135033
123734
133563
123889
86709
133108
126850
132342
127915
128142
125140
133704
124756
127751
107367
127143
133442
141250
142331
143688
148899
148888
176165
147583
147367
146540
147504
144246
144159
143857
143612
143937
143611
110042
143554
143985
147556
141071
144835
149242
150338
136222
134179
144031
128892
133323
91321
114354
112272
144922
139053
133679
133890
133880
133987
133362
108138
134205
134348
133830
133491
133958
134187
134026
134353
106651
138637
138680
229858
138604
145897
145801
128410
128443
150378
112017
113245
145126
141345
160280
144612
108293
146310
140577
128627
148055
146926
81578
107005
158913
100065
146605
141378
143224
142462
149806
144771
138128
137211
136862
138177
143253
142885
142806
146154
140165
139610
144934
144484
125902
147215
126550
127018
146646
150818
148860
146856
146605
147041
147785
146119
140292
147221
146445
146328
147451
149989
150109
138474
148332
110150
157655
139122
157627
157781
157648
157849
158080
1614009
135468
140850
145206
140962
130899
130925
89401
131019
130952
131011
130853
148845
130832
130984
130950
130836
130874
165978
130890
131231
130753
136815
136647
137152
145041
145803
149200
131174
131816
132444
132842
132739
132395
135458
111262
148000
135889
140961
145396
150539
150540
127730
127537
129545
128738
123979
127822
128313
126966
129111
126341
125625
133663
125562
127734
125956
146795
144131
155311
144326
141224
179656
147891
147451
152801
140707
136187
150548
115854
133628
136533
136626
136812
136937
136359
145032
159612
158548
159366
158887
105094
157739
159381
157366
143416
147701
150454
113475
142672
72024
150444
149402
143715
151058
71805
85110
116776
138080
140904
140884
22727
143268
144856
135231
146803
144758
144760
142010
146149
144044
144760
143461
142618
154181
140817
141338
140925
108745
144121
142066
145983
150765
150437
146023
155126
135941
153814
19107
151131
151952
145125
149020
81860
153407
144141
138857
33413
152615
169858
144426
144529
137344
150077
144923
145897
147220
12712
150520
83777
145977
153952
147605
138732
146514
128634
38151
139605
140853
114580
144198
145060
141883
149241
151919
137970
143348
152659
149502
144224
136869
139153
141731
151477
139922
152017
149353
145703
146515
148546
137967
146362
144524
144140
153179
144888
146678
148759
144592
146011
147573
146266
135455
154776
153894
107088
144204
144160
146959
146815
150534
140870
152050
147428
145910
143477
162431
149789
147385
149944
150504
150997
147935
151362
150393
138224
150016
151022
150093
153013
153489
153888
165706
219505
189520
121266
161208
180742
105987
152241
147061
138956
156306
168703
150370
151059
147702
148566
146610
148429
138547
138815
138724
134575
138905
138301
127174
126856
148198
127025
126655
127492
134230
126925
142493
148484
128341
135410
89508
100833
88187
93215
82479
89689
88513
89662
118752
145843
92063
84786
88339
93275
86187
155048
107940
138681
143818
153536
137273
149924
144080
60897
141263
141100
142025
151698
151351
136723
70266
112566
128723
149969
166345
152909
152739
151070
154153
146299
143471
140829
140695
141115
136148
128608
108615
144429
118795
147539
145881
132278
132660
131387
132459
145837
143261
143153
144009
143502
144454
132768
139586
141369
141465
148511
142258
148803
145099
148617
148535
105935
118988
144850
146284
138303
151342
159123
128922
144377
143046
143348
139288
151548
139580
143793
135505
134963
141551
85254
117180
160631
156363
133272
133295
132965
133629
143109
153376
106836
144371
150341
149691
145699
153268
144234
59403
139226
160523
149095
138221
140129
150549
149530
144820
105624
90689
147208
95254
119768
142221
148023
142680
141285
147041
119274
120392
121739
116652
116654
118134
145550
151120
130516
69824
145154
144620
144325
144712
140421
142433
138210
143806
139530
139015
136711
137464
138554
139002
107570
145438
112311
108795
133629
96983
157474
142919
138839
138875
139050
138974
138842
134417
130989
157939
130772
149069
144580
144599
144474
144620
143838
144174
156835
147418
156942
146168
119328
146100
145970
148349
146393
138876
152591
139596
134420
151479
156086
154248
137188
148214
145100
145469
132656
149029
139659
135556
135317
156013
106793
152376
104708
54084
56079
122809
57061
90396
111748
72153
94724
152758
108428
145646
146297
144736
148863
106821
107217
106609
106944
106584
106773
106688
146406
146698
146704
137258
137182
149146
137184
154320
153493
106906
152956
152744
152240
113669
112160
116804
117508
113665
113940
22168
109541
146702
87373
150122
141616
109530
148664
144726
144496
144743
144376
144105
144294
144472
144939
150134
144857
144801
144370
144130
144267
144349
112623
112596
115290
111649
134644
148256
149520
156914
152365
156370
145076
147856
144119
154613
144862
147192
141066
146938
147443
147152
146666
108200
144678
139766
132265
132953
142075
138831
149489
139476
146444
76672
75133
163388
146615
142734
144853
142286
142969
145962
141914
143143
143870
143498
143624
144056
809396
141341
156487
156954
156506
154083
145792
114141
148073
120940
145877
304583
164882
185748
76398
139425
148720
145473
139120
54206
139347
118079
146997
144546
149580
150264
150304
150283
150430
150433
150243
148487
149930
145340
150268
150161
150197
150103
150110
150137
150202
150121
150515
150098
148055
150307
150216
150180
150190
150205
150101
150115
139318
141455
113851
154878
136718
158642
141590
141590
132791
152063
138575
138646
138851
138704
145795
140163
153022
152880
152810
138500
139208
139163
139600
138894
138881
145398
139136
149121
148163
148838
147484
147424
144881
144961
145405
144831
146262
139128
145154
143476
134636
159674
148671
88409
152622
138588
140069
154015
50150
150158
150180
150207
150334
150333
145766
148185
76156
139702
150484
52743
49603
144447
116182
155290
143111
142334
145123
141942
142219
141664
141759
158106
145404
139379
137791
139046
139328
134059
146277
137155
138601
138511
137533
139061
40690
52006
58927
56924
56802
146095
145118
144491
143254
149897
122309
121882
129786
148724
130691
83584
144155
143550
141281
141192
142493
141811
141268
140420
141690
142106
141969
141496
143147
133980
151112
113809
150578
136712
133885
133954
135356
145194
144836
137008
158326
143757
141250
133921
133575
134097
133988
133107
103670
102802
114441
150319
138590
146764
149727
108334
99932
115498
117173
118564
150203
152053
145275
157571
141621
156954
174684
159229
134020
135906
162602
146934
157641
167613
133484
146234
150210
163712
141508
149555
177656
142865
155275
155669
167436
172196
147801
144198
153588
136927
131999
135087
166509
151388
139984
142579
153400
66273
144499
81883
147449
150474
139997
151721
150943
151684
151442
150320
144338
152584
146472
136646
141443
129007
137405
121114
82487
90885
91547
96851
144824
85571
93934
89308
93655
112212
143301
144293
144334
142689
136020
148806
148197
112903
145766
143982
141023
138228
137204
133484
132972
159945
145558
144290
144290
138536
132493
139171
133912
149056
151738
111117
143822
143048
146952
140124
149022
142317
116904
117093
125121
107558
127576
113021
114622
143896
145838
143439
146627
143729
146871
146425
146258
148088
142832
142302
127762
111812
146492
139502
146411
146251
151367
137120
126484
142771
143890
123980
155822
190793
138610
166948
139853
125356
143787
126255
156031
116386
118003
143777
151726
144534
130759
142260
145712
143645
144387
160291
157911
147946
153464
157256
112563
144411
146003
144666
158871
146978
127782
146706
143041
146484
146247
144556
144454
144917
146585
145239
146536
146504
146127
146944
142793
146933
144338
146348
132552
142964
113714
140299
157113
151971
147154
137249
137839
147020
145656
117072
116941
148499
117075
143130
152047
152627
152718
150228
151106
150548
150079
150567
150798
150834
150384
136605
154483
142440
142717
141515
139201
139824
153628
153356
153468
153779
153364
153376
143192
142797
147339
137560
143708
150930
153615
138248
144961
156728
129790
144562
113181
112748
14101
145192
118731
132284
146743
145106
140871
158419
137781
118875
137951
141264
139657
146351
144213
144146
142896
137762
145595
138745
142017
145565
153343
127193
144856
146990
146379
137460
144975
148481
146744
140367
146357
142457
138830
143405
139487
141530
141235
115753
116585
140643
146183
142631
157803
111792
142815
145641
140819
138471
138670
140866
142932
106754
140126
142819
144733
167404
156256
134144
148851
144699
133264
158117
144840
144370
147220
145136
156336
133952
148790
192738
148593
147671
148776
142662
154235
152925
153680
129911
152720
151755
152407
153344
139558
141671
141670
145772
145561
131601
113070
136525
106326
146893
147056
147520
147181
147278
147449
133145
143928
148511
153292
149577
153348
146702
158740
138644
139110
131559
138747
139647
139421
141873
150373
151140
145480
147249
106841
133969
105899
106091
106283
105631
108149
106255
106114
108638
104832
108195
130832
132842
130861
147705
144138
137579
136177
133990
137151
135968
137346
130545
136588
135482
136799
136390
136172
138197
109158
153467
152768
129715
151214
160685
161236
155438
150688
150257
152369
150439
150911
129522
152890
150528
146605
149321
146746
152190
150629
151546
150611
132458
146363
145099
144986
156399
147576
132477
129288
130113
129463
131781
130341
130354
129485
130221
129150
129872
130149
129962
130018
130040
127577
130213
129859
148514
129902
130155
129898
204161
148767
137338
145770
142663
130221
142166
141844
143007
144951
145010
145161
144562
144370
133430
144857
144372
145104
144933
144907
145104
144762
145122
144758
84685
145179
144791
145071
145030
145077
144951
145495
144923
142998
144861
144882
144953
144506
145467
144823
145008
145070
145487
145212
142890
145130
145133
145153
145144
145048
145160
144521
144951
145131
144625
144810
143823
145425
145041
145047
144815
145224
145180
120380
142882
189123
186617
140674
202960
187467
187497
192349
174063
147892
149221
153447
139753
143831
129687
103936
143370
133747
131800
109909
146581
142683
146063
141039
141373
159958
142602
142389
141276
141019
146955
147270
146008
157049
139440
158722
135738
54591
139765
84182
109938
109583
110466
151949
199082
159761
233966
128692
128659
148416
128926
151923
145332
146401
144076
149212
107485
148002
146159
133418
151748
151808
152288
144286
120620
107141
153495
148007
152622
141939
149680
150358
128663
127950
109426
147370
108680
139367
140276
151686
150977
322765
108744
95159
152463
154656
63601
113586
145499
146491
146134
146193
108691
146009
146628
146813
146419
147466
146843
146001
152437
111974
132452
153840
146520
147093
147231
146292
146947
146944
110162
146990
146841
147344
146373
146660
145277
152478
146106
142234
147445
146173
146742
146090
146872
140759
140685
140880
143824
146046
64810
146128
147506
146553
148381
144854
115007
113538
138674
137485
151463
125048
127662
125754
147998
112586
101004
143857
86053
146304
156004
147180
146044
146279
151260
142208
146406
146065
146595
142973
146398
146286
146663
146237
146018
156201
148040
145902
145867
146582
146098
108617
145726
146791
145778
146584
146133
146326
146210
146451
56898
146654
148478
85434
84812
50914
51579
51717
51693
145816
64478
52494
62854
83828
132217
140857
141000
140371
140838
141277
140600
140526
140133
130849
155582
133572
132017
126166
143102
140583
157194
140510
137444
147593
142555
127843
131849
149613
135639
132543
127058
124510
125150
128459
127423
106185
128117
127589
128060
126375
156834
158508
143318
143641
106791
142672
147046
150462
142619
138486
143526
142025
135027
108676
150980
147449
151741
150931
150736
146931
150490
103800
130298
134795
150649
108803
144745
145069
113787
112691
112332
107425
113168
145797
146158
145698
145842
147050
138577
113403
134904
151648
134847
152735
117817
146069
137698
147697
145000
116083
132805
147099
105292
127123
129934
127165
123377
124957
127385
130802
125679
148318
127273
128544
105849
125856
105003
105719
106761
105972
104625
105169
104227
105248
114662
147100
105953
105278
105649
104134
104629
102942
104902
104797
127770
125735
128066
127966
146663
128430
128015
126652
128247
128717
128124
128526
127713
127708
128060
128142
160358
131903
142353
147710
145355
87302
145288
143775
143047
145092
107725
142857
142941
148988
140859
143692
142923
144172
145161
131570
121653
145784
146350
137546
141464
148341
148213
155105
154920
135151
154473
154346
158162
148409
146188
146164
146259
146662
145778
134799
145767
146147
146973
155185
155124
155979
152654
152689
154426
134687
151905
153136
153591
151876
147608
143558
141455
53634
54721
155814
148359
95359
143399
74940
143813
146003
141248
146747
146080
134208
141116
147373
146973
145547
94715
133784
134394
133697
133639
145791
60909
143902
145141
144491
151581
148534
118223
72315
154151
142982
140323
155040
154817
118402
146605
143740
150670
96139
133675
133897
134167
133796
154606
133940
133964
133862
133888
134014
133989
133117
133531
133573
133981
134040
133953
141367
133970
141243
148531
148436
148203
191103
55754
346820
86184
142969
80652
94905
97892
86550
89476
90116
94311
96566
105538
97667
145157
155674
143784
153069
149840
148701
145669
113413
146755
149850
147074
146957
136923
152057
140189
151456
144648
156948
146900
134425
145429
145501
158353
150009
148385
140355
141261
151634
148989
158717
163130
146546
126545
127025
130137
150435
145499
153513
123791
155908
152818
159692
138788
126307
128014
127851
127386
152279
126339
142159
158665
146859
113629
146430
146442
80353
145165
151564
152581
61828
114733
157968
73102
73788
75768
74075
138530
49334
106292
52341
147881
113807
150080
111668
142896
156658
131850
52829
132367
128161
84644
127947
92084
146519
140532
147860
154246
135249
109415
146353
145120
142613
143421
134305
148063
156450
148254
133821
138376
144329
146276
168362
142715
145095
127900
128287
145798
129153
139048
127591
127980
128087
128320
128200
128308
127962
127109
128315
127586
169813
128062
127936
128130
127858
127977
127962
128059
128078
137152
142452
144058
83991
84239
141099
145631
140357
145915
146352
142963
141385
116181
116157
142997
143750
102889
110945
56693
88471
147971
148002
141118
144277
143186
150438
140803
145065
141878
141672
143304
148919
148975
127992
133174
133943
150226
85486
147874
148594
143730
143593
144189
143623
146608
143870
143311
143311
113760
143374
137424
140739
148062
136984
136338
136800
137655
136415
136673
146393
146301
136596
146685
148544
145167
148535
142103
143394
137351
147327
140470
140512
143623
144583
146621
138013
147996
134704
157632
138504
144361
177847
162645
146443
92960
93200
143232
144565
143036
138455
144512
87091
141907
136977
142875
142886
141762
142503
141290
142291
148141
142884
142151
142208
142650
141376
142026
141765
142488
149366
149468
124807
128604
92406
146216
148616
103190
103099
149339
146626
145588
133654
128733
41415
150516
140990
148636
148196
129535
129741
148771
149074
128532
149758
145836
148153
148600
147823
144815
147801
149957
148734
129315
149600
147611
147918
146863
146876
149687
148912
148748
129960
149070
148073
146540
146884
146478
150014
147165
147145
147552
128806
148460
149691
147129
147705
147743
142296
146022
146816
145946
130388
149800
147706
146532
148442
148086
143857
147653
147007
125799
148069
148916
130448
141622
143081
143197
142553
143242
142714
143364
128212
143050
137799
144473
149866
152226
151821
152215
153491
120433
126083
79058
133639
151956
128256
143802
147761
142959
149523
148309
129477
150768
145556
144330
155563
156159
151200
144234
149870
149104
127734
151326
149670
19200
148528
150735
151484
151677
141361
145744
127985
153735
150238
150902
150811
150812
150275
145628
145716
146058
125783
146408
146035
145608
138809
150658
141307
141641
142601
157545
131166
157829
155682
105329
122068
113148
142789
142262
142496
141243
127439
141832
142556
140294
139678
145864
146270
153342
143552
127923
154431
131813
131922
131126
150210
139612
147223
143162
144618
126048
144214
144463
147373
147819
86392
149348
149598
149929
149764
125908
149540
149884
149302
149694
149785
149588
149202
149517
149079
149168
127003
149924
149898
149990
149367
149115
134140
143306
143228
147402
131434
140472
150236
113579
147921
142971
137372
150228
147826
138634
127427
142895
142715
142135
142660
142037
142881
146260
149697
126194
137387
147789
147239
146868
141362
143509
139818
137478
142216
130795
149747
145811
145347
145439
143985
144925
145440
145172
145764
126410
145102
145780
145620
145075
145813
143603
144615
144843
126085
144828
145262
145735
145758
145842
145738
144554
145742
144590
127667
144862
144506
145365
146106
145015
145920
145710
145776
127523
146011
144777
144994
145286
145366
142644
143230
145513
144842
132423
144488
144973
145636
145285
145865
145702
146112
145969
133595
146235
145776
148055
147473
147222
151171
154988
145042
145321
116998
145298
145216
144686
130346
130064
143598
148047
146959
141366
155244
96695
146046
155155
151005
139342
145151
144998
145246
145397
147857
145305
145398
144930
145474
145086
145815
145906
145198
145595
145851
128890
145659
145576
150049
151228
139956
149389
149805
144309
21121
151313
151010
148436
126648
149814
140415
141859
143243
147575
150568
147277
149130
128270
145917
150910
157826
118668
138493
136996
147621
155278
153827
152969
155839
131923
147051
163170
133978
145681
152514
137857
137748
244370
133320
145976
156798
139652
149077
143346
136541
137313
149178
107416
128745
164114
88212
148432
153489
117688
113036
74872
140341
134945
135087
146857
151019
140530
141496
141379
144966
162790
149147
114125
127530
93120
39177
142388
151113
144922
149777
126227
142169
141269
146160
129304
119500
118572
119940
157537
85102
90978
141049
148966
142254
130079
145452
145020
145715
147565
138564
141717
140348
148077
148931
127766
148590
147515
148529
145322
125647
139962
143250
143021
142912
130171
143013
142899
142622
143309
142213
142734
143152
93665
130375
148036
141325
148662
148795
147423
144092
138738
137304
137078
135040
145352
152887
134247
134505
136682
111998
143905
146565
140968
144901
148015
145420
142284
141460
142226
142356
147675
134415
142774
138473
142871
144985
146651
142521
141500
145049
115278
142056
146108
144141
144905
109766
141754
147276
147251
147364
146784
147729
148695
148374
148462
146535
146249
151676
145888
151486
151165
142673
142766
138511
142921
137068
146525
134242
138047
148539
145129
142995
152012
137318
149175
128611
128399
128897
144000
91857
152341
146146
130740
131273
125737
130294
142755
161355
147951
104910
139872
144320
150590
150881
152066
150841
127595
145320
150626
139023
141070
142151
138619
154523
136590
138046
146806
147657
111972
145529
151971
145349
143944
151049
147821
168719
150959
153803
138146
141314
150361
142089
134856
138852
139859
60176
59385
141644
137816
121002
138022
141051
147394
142952
145674
136942
138304
143712
138458
144211
134054
138750
131295
151171
141558
142132
143196
141042
142793
144502
138676
139382
139039
154849
141717
146037
142815
133739
153330
143110
146835
142742
128737
153639
148883
157882
148132
135117
143754
144353
144281
143097
138955
144566
144630
147523
143150
146222
145293
134562
144518
145096
145506
152315
146588
145285
145484
144961
146048
144764
146010
146974
145093
145390
147115
147553
145846
145508
143967
146042
144714
156332
140263
149767
148354
149787
145124
149805
152765
152785
152415
139952
159046
153445
136096
145594
144258
140737
149535
145465
144212
144026
151961
143321
141386
138384
142353
140628
149141
142487
140753
156756
140076
131963
140867
142427
135476
140914
143988
152462
142865
128500
127536
142958
144048
197845
142579
108312
153743
152309
147182
107493
139682
127619
127466
146634
147606
148625
147264
146874
143428
148508
134252
145981
142987
144275
153692
148380
146474
141480
104310
140272
140130
80478
140431
140220
140177
140078
140608
140080
140177
128666
140240
140005
140349
140220
139840
140166
140133
140441
139782
132573
140322
139377
140046
140196
140063
140687
140170
140036
140477
121046
144348
146682
147966
148032
149539
139444
152506
146367
145933
150512
147763
148265
143668
149882
146406
145516
143800
147779
145989
142415
139703
137694
137444
144744
140043
147262
147187
150144
159524
147729
146969
136971
161364
146968
149194
147661
146247
148223
146411
149966
147371
143394
149419
147268
146738
157336
140066
150185
149542
146081
145509
147221
128357
147283
156617
147538
150290
148060
109740
108679
147037
148037
128668
147492
147261
148514
145366
147193
140675
146597
159508
128715
148851
147637
148010
149483
150528
146357
144237
144139
157614
139885
128705
162133
131645
147666
146334
147720
147370
135062
143209
145106
128738
144410
147657
142793
148659
145700
163147
146707
145189
151462
103523
142179
144763
136907
146841
145128
147315
146050
135431
143099
154690
146361
145403
146561
141888
146573
139208
162620
140304
145488
142890
133883
145926
133526
133609
158181
123368
139045
141574
142541
147957
150904
157866
134162
144557
148961
152842
144996
115991
180196
144922
146594
147514
123458
153247
154224
171131
142857
84469
97860
143776
149054
154229
116258
161743
158340
150934
150416
150253
150260
150302
136759
147711
136904
136912
147160
146854
142704
140252
143731
148213
152705
148497
145944
142615
142873
144909
139170
146716
103904
142349
147809
147513
142928
145865
142049
143610
158561
146557
136951
143848
152520
139801
158047
142687
148540
139038
136567
158373
147384
146281
142968
151253
142450
145211
146811
133896
137984
138683
139121
139194
134879
139492
136415
146588
119800
143618
145942
139003
145173
146205
147527
147399
141389
109924
139851
85538
118727
143737
146430
145459
145517
149253
187604
137164
148570
118252
76144
151703
108565
142608
152423
137330
145814
147532
137635
143491
136789
150342
134701
149242
150920
157668
158105
157719
151521
136739
153746
153084
143404
147139
149173
139263
150139
152453
155587
143319
118048
118487
157960
18658
157659
150872
140145
152526
149739
151672
150784
154804
147716
118600
119387
140822
166408
152807
145169
144774
145279
140972
75922
143507
20852
51007
146988
138914
147588
147088
163637
147930
145231
145892
144351
143285
145832
144632
138135
137245
92223
144688
163391
145166
144567
145114
144871
145161
145164
145004
137649
145028
137826
141634
138200
137349
136366
137967
138167
153756
153840
151164
85607
87258
84738
148254
87880
85962
86256
85737
84850
142654
147413
147713
146942
147257
147936
149739
146145
154456
148359
160387
136932
141605
143033
140843
142779
142746
149863
141061
141046
140989
144978
111053
112759
147766
141216
146997
140335
145040
133185
145000
151300
150920
145784
143452
152631
149385
149845
134656
151947
151742
151726
152544
152351
151674
151993
151989
151574
152298
107352
152241
151504
151743
126184
126245
142531
142219
147807
135530
148563
126264
143269
146300
149781
150422
150379
149968
150791
150121
140523
82305
139946
138673
138721
138255
134816
136754
135240
133303
138990
139012
108115
137914
134344
145585
139981
135261
140005
137572
139059
104741
136837
139753
139338
138988
137526
139456
139837
138641
137428
138857
139873
138919
138899
139044
138183
138311
139530
138863
138109
134316
137876
137148
138851
135706
138453
138287
139725
138496
137992
141820
138572
141508
139294
138237
137473
139076
143287
143257
137668
137956
114467
138914
138242
137781
137564
137853
139438
138669
147663
147719
135060
148019
137831
139734
138770
137379
139848
140077
137835
137885
138774
137119
147466
137642
138858
137931
137406
139303
137140
134221
138252
132888
135826
132189
139921
138426
138432
133885
138639
139942
138548
136961
138432
139308
142324
147980
136252
137767
138597
139482
136218
137060
139383
139966
137717
134773
141284
138863
138324
139199
138171
137897
138626
137838
138036
137636
137357
130950
138694
138216
137636
145216
146010
148083
148493
150589
144131
157776
140829
146261
146405
140936
143905
148279
150400
148098
148193
148042
146394
147787
137458
148399
147327
155204
162252
154087
148184
147819
147430
126871
147819
147032
147867
147647
145818
142472
88035
141180
140484
155791
112379
143303
148240
139046
144917
137578
137332
137179
110677
142405
118130
144484
146052
145354
183999
147159
151902
158507
148583
147207
153333
149027
160732
148794
139418
48091
144951
144741
144951
145302
117358
145122
144951
158315
126558
136294
137173
136619
140342
92049
140227
138391
144746
152595
150211
131632
106699
132858
140548
138567
138648
142845
113161
149777
137518
142791
133654
151241
146919
146040
152436
145428
151208
156493
