2995833
2036877
1979431
1436039
2096496
1917891
2873219
1409878
1922635
3541536
1533759
926159
1226741
2326951
946831
2477295
1743813
1411352
2584515
2149974
1532842
2292983
1892555
680457
3305797
1654207
3539989
1222416
1732824
935340
2030591
3307920
3958107
3482099
1886600
996271
1480166
2677096
1769777
1382072
1573527
2352260
4516900
2070740
3281684
3771245
2277340
2248192
1499857
4940384
2514896
2326083
5335583
1530773
945247
3873428
3061979
1597188
2755190
1131451
2051500
3079817
4777910
3153633
2537087
4697444
4592520
948750
3000878
4213743
2820373
5344430
3445761
4822491
2510034
2763784
1337089
2100857
3106684
1906190
2629743
1815628
1142962
2341891
4990625
3574501
1689027
3993120
1686075
1017065
2633843
4257202
3360555
3074568
1607271
6288835
2524040
2376382
2553682
1636206
4481855
3907475
3216552
4237249
2443398
1996842
2548309
4048037
2187311
6474406
5422673
2301297
4359300
2090657
2012107
2822153
6286350
4455623
5415276
1233386
2033264
3805230
1727389
3985998
3445779
1255666
2460845
7154384
1416139
1902135
4463022
8181491
3374750
3644895
3680823
4132283
2654223
2648508
2887783
4056945
1613513
1861455
4198324
3681761
4255395
3502873
9083411
2814393
4259906
5629335
1682901
3585243
2299495
4769349
2479880
4690273
4005129
1158697
2405136
1998881
3454191
1810955
6950884
3652324
3269162
3256867
3891617
1968549
1950204
2107650
3630439
3853371
1521824
3233108
2179633
1243931
2655742
1723494
2138703
2390839
1981846
5157817
7332816
3558518
1438396
2434604
1504802
5841876
3694838
2999248
847051
1678037
4716067
4931379
2244492
1153363
3285469
3002723
1998619
3655489
3745015
1051590
9844203
1420659
5358429
2210550
3388168
2579618
2583516
4057245
6935273
1163960
2740129
1866869
1778965
3254989
3279438
4100602
2550037
1214946
5991551
1850642
4188687
1626054
2911280
2538583
1861031
2693642
1656780
10070337
2846917
4909891
2270042
1830343
2317126
4808476
2197467
5183174
4541566
1818744
3347363
2995868
1415198
3414071
10568524
6346709
2683337
4475821
4412677
3004156
2490871
1899911
2524292
3492342
1920401
2964773
3463503
4162239
4606321
3093483
2242543
2532753
1364293
2932452
3115827
3288000
2185990
2760998
2162815
3727935
4226293
6489052
9669169
1066724
2607707
2464313
9603573
2349777
1462650
5389508
1900494
1950593
1214050
2975292
2536741
3384900
5277286
5077295
1718843
4369303
7030039
3234558
5841439
3063068
5249314
3546942
3616562
2858063
21674998
4540185
3670273
4558642
5060316
1468870
3166733
1325363
1106018
1739576
1754406
1886497
2168526
2722208
1992474
1200830
2886589
3729926
2250580
2109126
1447161
1355088
2475628
3219679
2683336
2006819
4964920
4140386
2019686
5382850
3618502
5263780
3616121
618262
2164070
2420053
2162561
2615056
1706603
1134359
2472765
2341774
3675633
2000089
2051336
3468079
2957048
3042623
3276958
2674186
7093048
6611360
3115748
1146760
6929637
2398744
8891848
2734515
3163457
9871009
855429
156312
5932830
2752645
1783112
3903959
2758812
2082347
2779635
13008826
2618464
4485464
2542508
5715879
2228195
5912693
1826922
