4091335
3585726
2311433
2176751
2551416
2610764
4431975
2048542
2450359
4883612
2110745
1276842
3485563
2963421
1376404
2962336
2052703
2127308
2993985
2962796
2176456
3418113
2559285
1290998
5762101
2906452
4931648
2100752
3211949
1199271
2731671
5530743
5665319
5626904
2539729
1396001
2201523
3794567
2409158
1935538
2821396
3411584
6257042
3300373
4318468
6638293
2965214
3817676
2286144
6345793
4331291
3500669
7569627
2445550
1295821
5648826
4531893
2367719
4270793
1663174
3091662
5957164
8125815
4848520
3723325
7016675
6290318
1283660
4703401
6333250
4532262
7740302
4690511
7123649
3761628
4218368
2089986
2685828
3660673
2687825
3290650
2925587
2072736
3790609
7760878
4686331
2107442
5689333
3143598
2214043
4725548
5867359
5553049
3970334
3729362
9703583
3128755
2814387
3335530
2013642
6187771
4587552
4731617
5807261
2642326
3128688
4097456
7131087
3303270
9031186
8315104
2896175
6913943
2756074
2494181
4481249
9675197
6985170
9738878
3462272
2644916
5187183
2633061
5621146
4242840
1769484
3938539
9925487
1810631
2787910
7587169
12768511
7508932
6065921
5761991
6044965
4846878
3879149
3987017
7509912
2830426
2829099
6705644
5624071
6782526
4735547
11215267
4935319
5701602
12729504
3952057
5793013
4128647
6384649
3482865
6659343
5069820
1716480
3631190
3053004
5086551
2454288
10868351
5469805
5213882
5066947
5566388
3277715
2662897
3526982
5478810
5973227
2252998
4906759
3523375
2471973
3798707
2456031
2592467
3961508
3019168
9536348
11381173
5278444
2129373
3718363
2305769
8678802
5578150
4340063
1215711
2613746
6010439
8858603
3531060
2277458
6255414
3956966
3227068
4763271
5671176
3100492
12406803
1647560
9827515
3686585
4998548
3634133
2982785
5784109
10290784
2279371
4128624
3160411
3176905
4585132
5767400
6165261
3700713
1887823
9403588
2875801
6159814
2920427
4077998
3253201
3058871
3561450
2798447
13545528
3743871
6655379
3367491
2688830
3170529
7949319
3599629
8619999
6174268
2449189
5837188
5466420
2240403
4880915
15001126
9306190
3942218
6869731
5706579
4418026
3405374
2428305
3795215
6016229
2824519
4497902
5361469
6412005
6375540
4277117
3080600
3980303
1680592
5098909
4928083
4523666
3452695
4535815
5371268
5184263
5862104
9079946
15293186
1476529
3844761
3989526
11890234
6113562
2583481
9293296
2741062
3658136
2383315
4637442
3762272
5793146
7811156
7309108
2568554
7042513
10807694
4769915
9649980
4735262
8380407
5544136
6073291
4396894
31726950
7335015
5034335
6661779
6724540
3306653
4418389
2338681
1873443
2744850
3358913
3118359
3140729
3977691
4007137
1995078
4906734
6548455
2899242
2865940
2209319
1792351
3458644
4290507
3512097
2554057
6669756
6351765
3136760
8206728
5283090
7836498
5939578
1105872
3181546
3494136
3341067
3910486
2929631
1864463
3881516
3772177
5630816
2784543
2505888
5558561
4137718
4921144
5377160
5158920
11496366
9315336
4587927
1654418
10972734
3825866
12196390
3702811
4055638
13409584
2308848
2913112
7514387
4003513
2753345
5571855
3857019
3123159
4122756
18421431
5846939
6174905
3414407
7664550
3444485
8423950
3853279
