3629259
5865184
2087323
441931
1483306
1027788
612173
2379095
1288168
672788
6468090
1184271
2094216
1476043
2611563
2471497
2916312
785374
3995960
632425
984602
910594
553542
2588522
2313854
4576782
1003386
11399855
846157
949410
2849907
1826907
1859518
1881771
2794489
564780
775826
4128768
1240888
1209742
799583
1479225
2738060
1119234
8528368
3063500
1636234
2067604
2281860
2122035
1824314
4562613
1754760
1211673
1957531
2621645
2719494
6758916
3771254
1842393
1056247
4827967
1261044
2357951
4144462
1054271
3621273
1278021
24521784
615357
4249276
6350895
2663788
3325226
575741
996719
1394093
3088203
2920725
1610351
818142
2028702
3378595
3258526
1773918
10164012
6941922
2167892
3535174
794732
9311687
7931168
1022971
798171
