6879999
7518522
3485214
308224
3518049
4140993
3937956
5102914
3060267
502493
8971762
3571139
4141667
2191093
5214623
3673571
4139398
1108044
7568762
512215
522749
2103461
2326216
3934078
3710516
6653512
2110303
18333934
1204933
1234450
3436834
3011045
8262742
6176497
7152643
458041
1464182
8217891
3697838
4016225
10019286
2657774
12192494
1719485
18962870
6824681
2610929
2988045
3943687
4391361
4077967
8578965
3244236
2456678
2233779
7671557
6396223
22181903
9295725
6895607
3619535
8394194
2203845
4088374
7310445
1326455
5125281
1635465
49283525
1026127
7771502
8856027
5382321
13268622
2308719
2006908
1886165
6210891
3436111
3522642
1618358
2802219
5980879
5691251
3718149
15495995
20479041
6859276
11556964
3142990
35439724
22357239
4151585
2386023
